2 0.01888772298006296 0.6026119402985074 0.03777544596012592 0.12313432835820903
2 0.5162644281217209 0.6865671641791045 0.09233997901364113 0.1417910447761195
2 0.3919202518363064 0.37873134328358204 0.05561385099685197 0.07462686567164177
2 0.6007345225603359 0.3973880597014926 0.05771248688352571 0.07089552238805971
2 0.6190975865687303 0.3134328358208955 0.03777544596012589 0.04850746268656717
0 0.5200579306001955 0.271455223880597 0.03067199971035934 0.04291044776119401
0 0.5537536608611675 0.2539177638340989 0.010030351029706992 0.041017773175400334
0 0.7103535594425607 0.5997364573765708 0.06417316347679787 0.1356852103120761
0 0.6479148057894599 0.5750664191380114 0.04509465541612826 0.14802022943135554
7 0.6869030636561186 0.25345859265128273 0.04944097104006602 0.09399775571390144
5 0.7874983067128873 0.3061147428428664 0.01076932042456889 0.05657272334632957
2 0.6119121473539976 0.2355187480890565 0.017653417812284147 0.02027110239537901
