0 0.28925619834710736 0.780373831775701 0.03906836964688222 0.19359145527369834
0 0.770473328324568 0.6088117489986649 0.027798647633358372 0.1335113484646196
0 0.7546957175056349 0.3991989319092123 0.018782870022539554 0.10413885180240329
5 0.7990232907588279 0.4265687583444593 0.02028549962434269 0.08945260347129505
5 0.8621337340345605 0.5113484646194927 0.029301277235161505 0.11214953271028037
0 0.19346356123215627 0.4085447263017356 0.03230653643876785 0.09612817089452598
0 0.24530428249436512 0.3865153538050734 0.020285499624342583 0.0787716955941255
0 0.34485349361382417 0.3377837116154873 0.01953418482344098 0.08010680907877166
6 0.7573253193087904 0.3164218958611482 0.010518407212622094 0.06408544726301735
2 0.5146506386175808 0.8731642189586115 0.12772351615326813 0.22162883845126827
2 0.5390683696468821 0.5287049399198932 0.07137490608564988 0.10947930574098791
2 0.6536438767843726 0.25567423230974634 0.027047332832456732 0.04138851802403206
2 0.6855747558226897 0.26301735647530033 0.029301277235161863 0.04272363150867825
2 0.12734785875281746 0.6268357810413885 0.12997746055597298 0.14018691588785046
2 0.24229902329075878 0.5320427236315084 0.08790383170548428 0.11615487316421894
2 0.3377160030052591 0.4238985313751675 0.06686701728024022 0.09479305740987992
2 0.37716003005259197 0.46929238985313726 0.061607813673929195 0.11348464619492647
2 0.39519158527423004 0.3591455273698264 0.05409466566491368 0.06942590120160211
2 0.48009015777610825 0.3311081441922563 0.04808414725770104 0.07476635514018681
2 0.5236664162283998 0.2576769025367154 0.028549962434259966 0.05073431241655537
2 0.5570999248685199 0.2710280373831776 0.033809166040571055 0.04539385847797067
2 0.5830202854996244 0.25100133511348466 0.02404207362885046 0.03471295060080106
