2 0.5373423860329777 0.9103448275862069 0.16100872938894276 0.1793103448275862
2 0.1813773035887488 0.6008620689655173 0.11445198836081474 0.15000000000000008
2 0.6052376333656644 0.3293103448275862 0.048496605237633474 0.0724137931034483
2 0.6401551891367605 0.275 0.04073714839961212 0.05
2 0.6585838991270612 0.2508620689655172 0.02327837051406405 0.03620689655172413
2 0.7114451988360816 0.23706896551724138 0.020368574199806203 0.01896551724137929
2 0.5955383123181377 0.23103448275862068 0.02327837051406398 0.03103448275862071
0 0.6600387972841909 0.602586206896551 0.07080504364694469 0.1396551724137917
0 0.07565470417070805 0.5732758620689655 0.0698351115421921 0.1293103448275862
6 0.026673132880698364 0.6000000000000001 0.05334626576139673 0.13793103448275884
6 0.7104752667313285 0.43189655172413793 0.026188166828322014 0.10862068965517238
6 0.7221144519883609 0.3379310344827586 0.02036857419980592 0.08275862068965516
0 0.4631425800193986 0.2689655172413793 0.02036857419980599 0.05172413793103445
5 0.19689621726479145 0.37241379310344824 0.02327837051406405 0.0793103448275862
5 0.2405431619786615 0.34827586206896555 0.019398642095053376 0.07586206896551723
5 0.3181377303588749 0.3086206896551724 0.01745877788554804 0.06551724137931039
5 0.7691561590688651 0.2793103448275862 0.019398642095053445 0.055172413793103454
3 0.9665373423860332 0.5698275862068966 0.06692531522793346 0.13275862068965485
