5 0.904600442343748 0.6472492806264754 0.023070484522825865 0.1466483677584722
5 0.9332167164153304 0.650008792923006 0.021739495031124108 0.13166815814873567
5 0.9531935362084977 0.7525049639369915 0.03416206362033833 0.1537442565209787
5 0.8239672784297195 0.5072328735398898 0.02078615162453488 0.10850828103283255
0 0.7096434444947773 0.41603974373570085 0.019487017148001655 0.08773009955846021
0 0.7353013504063126 0.4443211574091518 0.022734853339335073 0.07041494832981676
5 0.7979845888990509 0.4010332793375431 0.018187882671468 0.07618666540603115
5 0.443979207355301 0.26145878355251634 0.009743508574000685 0.051945453685930405
5 0.5212024504750361 0.23365080868893387 0.005795219928029951 0.03347065415488434
5 0.5306196828580848 0.2382484260179015 0.009727690593478826 0.03825217617701071
5 0.5683920984604225 0.2321795711436642 0.007864941330897608 0.031999416609614674
5 0.7657707788528859 0.25894822398558937 0.0074509970503241615 0.0393556043359629
5 0.7775681908492323 0.2611550803034938 0.006623108489177128 0.039355604335962864
2 0.594665755959574 0.40339267440398574 0.05368324283195996 0.08872226249387559
2 0.6953218362694992 0.5116719947594145 0.12400829094182782 0.10684831612165667
2 0.6560691479466576 0.26135686566303107 0.025454344489885726 0.04415779724560029
2 0.7033415019993025 0.24654784829407977 0.019393786278008064 0.026386976402858694
2 0.6771295877329321 0.24008573162399194 0.019090758367414366 0.03823419029801972
1 0.6181906591224228 0.22554596911629424 0.029696735238199993 0.044696306968107606
