2 0.5279838629621925 0.5415098159558361 0.08431382752701992 0.11808933137934857
2 0.34720930055256505 0.4189762624278024 0.06573620451259185 0.09142399848723755
0 0.08717192337539345 0.565000704456029 0.05001667734653723 0.13205688670378762
6 0.02357929074908183 0.6032210129971943 0.04715858149816366 0.12672382400041962
5 0.6431128296428612 0.5504279349593818 0.027866434521642135 0.12062888689288279
2 0.565121874673083 0.40327198307273515 0.06381420650695681 0.10782673359360473
2 0.532023225618313 0.26458165193916366 0.03468639281403874 0.04372214288009186
3 0.5580380202288421 0.24702111914306116 0.011696574321013032 0.04013836067680561
2 0.5852628052863725 0.2523967924479905 0.028233110430031585 0.03942160423614844
2 0.6663321652354633 0.28787623626052405 0.03629971341004065 0.058774028133893985
2 0.6483839736049433 0.26458165193916366 0.023796478791026702 0.035121065592204875
2 0.700914060362225 0.24723495829194347 0.021333164905808957 0.033764559601208964
