2 0.5344 0.7638691322901849 0.1120000000000001 0.16785206258890453
2 0.248 0.5170697012802276 0.08960000000000001 0.11806543385490756
2 0.3064 0.4509246088193457 0.0736 0.09672830725462304
2 0.3884 0.3677098150782362 0.06160000000000004 0.06970128022759603
2 0.6327475860645297 0.2316873742120633 0.014529565287592234 0.02674141997853628
2 0.6997875101107887 0.23893928471471726 0.01809823044594822 0.022208975914377548
0 0.5275994162201121 0.3227894999016532 0.013255042016750878 0.06662692774313289
3 0.617835663795685 0.3527036307251006 0.019882563025126244 0.0648139501174694
0 0.367677346656497 0.30152193019628876 0.013262689156375842 0.05977840476218912
5 0.7790795472214501 0.27706490734557865 0.0078788711288378 0.03914383509955236
5 0.7632877798270727 0.25079836595305716 0.006717706275020135 0.029861781094506414
