0 0.2932584269662922 0.7445109780439122 0.053932584269662874 0.18363273453093812
0 0.7713483146067415 0.5868263473053892 0.028089887640449406 0.14371257485029937
5 0.8601123595505618 0.5898203592814371 0.032584269662921425 0.1337325349301396
5 0.8893258426966293 0.6067864271457085 0.02808988764044955 0.09580838323353298
0 0.7207865168539326 0.3922155688622755 0.02134831460674164 0.09381237524950095
0 0.7471910112359549 0.4401197604790419 0.017977528089887614 0.08982035928143717
0 0.7584269662921349 0.41317365269461076 0.017977528089887614 0.07984031936127742
5 0.795505617977528 0.36127744510978066 0.022471910112359647 0.07584830339321363
0 0.0848314606741573 0.5698602794411178 0.0303370786516854 0.12175648702594806
2 0.1904494382022472 0.5808383233532936 0.10224719101123596 0.13572854291417177
5 0.19044943820224713 0.3882235528942117 0.02359550561797746 0.08582834331337322
0 0.33726067746686295 0.34293193717277487 0.020618556701030924 0.07853403141361259
5 0.34094256259204714 0.2905759162303665 0.013254786450662763 0.04188481675392677
3 0.6141384388807068 0.36518324607329844 0.020618556701030924 0.06544502617801051
4 0.6111929307805596 0.31151832429362986 0.01472754050073639 0.05235602156980846
2 0.5325945241199479 0.8364269141531322 0.11603650586701435 0.2018561484918794
2 0.6571056062581484 0.2552204176334107 0.02607561929595823 0.03712296983758705
