2 0.3981588032220944 0.42944785276073616 0.06674338319907946 0.11860940695296528
2 0.6121979286536249 0.34867075664621683 0.05063291139240512 0.0756646216768916
6 0.44576643416495415 0.27717896839291895 0.012883978279670387 0.0591481749959171
5 0.45677149894550595 0.2461738766611882 0.009126151281433223 0.04483813265819521
5 0.5440067685474411 0.2356798456135255 0.008589318853113639 0.03720611007807683
5 0.7850445288629418 0.39595231979601053 0.012883978279670315 0.07727422862369814
5 0.8185506392279749 0.4670255300733625 0.010736648566391978 0.08776825967136084
5 0.8314346175076455 0.4961226161600636 0.018252302562866446 0.10017029636405297
5 0.8617656497077028 0.5008926302726375 0.02308379441774292 0.08681425684884608
5 0.8899493521944818 0.5070936486189838 0.017178637706226994 0.10494031047662716
5 0.9208172168228588 0.4980306218050932 0.020936464704464298 0.060102177818431815
5 0.9170593898246215 0.601062926636689 0.02523112413102148 0.1173423471693191
0 0.763256899111056 0.5681498292599304 0.06441989139835215 0.1297443838620118
5 0.9900573990674707 0.7978508250514896 0.019885201865058648 0.18775187398229348
5 0.11967779056386654 0.43149284253578735 0.02531645569620254 0.09406952965235177
2 0.6322472738792322 0.28853630012977244 0.032209945699176144 0.05550561876449688
2 0.6559167036733237 0.2664207801532931 0.02879373933714234 0.039027388193786906
2 0.6698255438616042 0.2482079989961926 0.023425415053946352 0.03035463526183431
2 0.6795861334674151 0.24126979665063047 0.020497238172202826 0.025150983502662677
