2 0.3403456048084147 0.41855807743658213 0.05709992486851998 0.08144192256341796
2 0.444402704733283 0.32176234979973295 0.051840721262208754 0.06408544726301721
4 0.4981217129977459 0.34913217623498 0.019534184823441048 0.07877169559412545
0 0.5458302028549962 0.32176234979973295 0.017280240420736278 0.0667556742323097
0 0.7761081893313297 0.602803738317757 0.02253944402704739 0.13217623497997327
6 0.8313298271975958 0.6408544726301736 0.018782870022539554 0.10947930574098791
2 0.46168294515401953 0.3551401869158879 0.0398196844477836 0.06408544726301735
2 0.4376408715251688 0.38251001335113477 0.05484598046581513 0.07877169559412549
2 0.41547708489857244 0.42523364485981313 0.06311044327573251 0.09479305740987992
2 0.3696468820435765 0.37449933244325784 0.05860255447032299 0.08144192256341794
0 0.4654395191585275 0.26101468624833113 0.01577761081893314 0.05740987983978646
2 0.6551465063861758 0.2576769025367156 0.027047332832456875 0.04806408544726299
2 0.6712997746055598 0.29572763684913217 0.033809166040570916 0.046728971962616835
2 0.6044327573253194 0.4018691588785048 0.0503380916604057 0.07743658210947939
2 0.6679188580015026 0.4899866488651536 0.1172051089406461 0.09078771695594122
5 0.7888805409466564 0.3264352469959945 0.015026296018031382 0.07076101468624824
