2 0.4660523763336566 0.35862068965517246 0.04946653734238602 0.07931034482758623
2 0.4374393792434529 0.32241379310344825 0.04655674102812803 0.06206896551724135
2 0.46411251212415133 0.306896551724138 0.03200775945683801 0.0689655172413794
2 0.06498545101842872 0.7913793103448286 0.12997090203685743 0.2137931034482761
2 0.056741028128031036 0.6508620689655171 0.11348205625606207 0.14655172413793097
2 0.6304558680892337 0.30258620689655175 0.03879728419010661 0.05689655172413797
2 0.6522793404461688 0.27241379310344827 0.03394762366634346 0.03103448275862071
2 0.7075654704170709 0.24137931034482762 0.02036857419980606 0.02758620689655171
2 0.6779825412221144 0.24310344827586206 0.019398642095053445 0.031034482758620675
2 0.5882638215324927 0.24655172413793103 0.02618816682832197 0.03448275862068968
2 0.5562560620756547 0.24827586206896554 0.032007759456838016 0.03448275862068964
2 0.5198836081474297 0.26724137931034486 0.0310378273520854 0.04137931034482761
2 0.6382153249272551 0.23620689655172414 0.017458777885547932 0.020689655172413772
2 0.60184287099903 0.23448275862068968 0.024248302618816595 0.02413793103448274
3 0.38651794374393766 0.4568965517241377 0.03394762366634323 0.10689655172413821
5 0.8637245392822501 0.5344827586206897 0.026188166828321896 0.12068965517241381
5 0.07225994180407372 0.5620689655172414 0.030067895247332697 0.10689655172413794
7 0.5261881668283216 0.8870689655172415 0.23569350145489787 0.22586206896551705
