2 0.3249272550921436 0.41982758620689653 0.07177497575169742 0.11896551724137928
2 0.39088263821532493 0.3568965517241379 0.0620756547041708 0.0793103448275862
2 0.4064015518913676 0.4353448275862069 0.06983511154219207 0.09137931034482762
2 0.682832201745878 0.4999999999999998 0.12221144519883621 0.11034482758620627
2 0.6120271580989332 0.35344827586206895 0.048496605237633335 0.07241379310344825
2 0.6697381183317168 0.3025862068965517 0.04170708050436474 0.060344827586206906
2 0.7095053346265762 0.24224137931034484 0.018428709990300548 0.02586206896551726
2 0.7235693501454898 0.24137931034482757 0.017458777885548074 0.024137931034482776
2 0.6983511154219204 0.23793103448275865 0.017458777885548074 0.02413793103448274
0 0.12754607177497576 0.47327586206896555 0.032007759456838 0.11206896551724135
5 0.06692531522793402 0.5318965517241375 0.031037827352085316 0.10517241379310342
5 0.7914645974781765 0.3258620689655172 0.013579049466537327 0.07241379310344823
0 0.48933074684772065 0.2560344827586207 0.014548981571290085 0.04655172413793103
0 0.7487875848690593 0.23965517241379308 0.00775945683802135 0.04827586206896555
