0 0.052359033371691587 0.5807770961145193 0.06098964326812426 0.1308793456032719
5 0.12255466052934405 0.5286298568507157 0.024165707710011492 0.11247443762781188
5 0.06379866824198192 0.4604790819724473 0.016969562993257154 0.09693175005131778
6 0.19940365823274217 0.430591792373291 0.020908925830977552 0.10931747366898606
5 0.7812722897982861 0.388635367649239 0.016167533690287145 0.08957393229562768
3 0.6477133795945824 0.39733016887940287 0.022989818493025567 0.08314374711624026
2 0.6692915425661065 0.32780479413565017 0.047592957582052973 0.060207541015208435
2 0.6757448249501137 0.2812156254929294 0.03952635460204419 0.04730592508337811
1 0.7037762703056449 0.2296091617656078 0.030249761175033852 0.06450807965915192
5 0.7834339747332342 0.28623292057753 0.011293244172012606 0.04873943796469256
5 0.7693174195182183 0.2837242730352297 0.01209990447001374 0.053756733049293286
2 0.6188752739410499 0.2367767261721802 0.022586488344025282 0.030103770507604218
2 0.6410584321360748 0.23390970040955125 0.01774652655601983 0.028670257626289733
2 0.573298967103999 0.23390970040955125 0.03065309132403428 0.022936206101031757
2 0.4827486681711797 0.32448642417610485 0.04538674166702072 0.06851474816242595
2 0.39612343541960754 0.43549766170509874 0.07222836308300082 0.09973665871745553
7 0.278508330669586 0.5547480145194477 0.12981584175728533 0.23589887974911214
5 0.26797869243943695 0.3351631843687544 0.01649986973183662 0.07363043435842595
5 0.8302646720368239 0.4642126789366053 0.021864211737629376 0.11451942740286292
5 0.8901035673187573 0.5961145194274028 0.021864211737629518 0.1288343558282209
5 0.9873417721518984 0.6760736165114952 0.025316455696202392 0.14151328619272405
