2 0.09205983889528195 0.6298568507157464 0.15420023014959727 0.22085889570552122
5 0.14211737629459148 0.5143149284253579 0.021864211737629445 0.1329243353783231
0 0.6455696202531646 0.5879345603271983 0.0759493670886075 0.13292433537832316
0 0.7094361334867665 0.5286298568507157 0.028768699654775562 0.13701431492842525
0 0.4424626006904488 0.27300613496932513 0.014959723820483219 0.08384458077709606
5 0.6288837744533947 0.5460122699386503 0.037974683544303785 0.11042944785276071
5 0.3365937859608746 0.29754601226993865 0.014959723820483361 0.07975460122699385
5 0.8394706559263522 0.4693251533742331 0.040276179516685884 0.10429447852760731
2 0.5270425776754891 0.7474437627811861 0.1173762945914845 0.16155419222903888
2 0.5960874568469505 0.3537832310838446 0.05523590333716925 0.07770961145194277
2 0.6277330264672036 0.30265848670756645 0.042577675489067844 0.065439672801636
