2 0.525169045830203 0.774365821094793 0.1126972201352367 0.2056074766355141
2 0.5477084898572502 0.5567423230974633 0.07663410969196092 0.11748998664886529
2 0.19797145003756525 0.6742323097463272 0.16003005259203562 0.21094793057409889
0 0.035311795642374154 0.6021361815754341 0.067618332081142 0.13084112149532687
0 0.20586025544703232 0.42923898531375165 0.033057851239669415 0.0921228304405875
5 0.926746806912096 0.630841121495327 0.029301277235161512 0.13751668891855806
0 0.7528174305033809 0.3544726301735648 0.018031555221637918 0.08411214953271028
0 0.7516904583020286 0.30040053404539385 0.014274981217130006 0.04272363150867818
2 0.26859504132231404 0.5113484646194927 0.07888805409466575 0.11481975967957295
2 0.34560480841472585 0.4058744993324433 0.06611570247933887 0.09612817089452598
2 0.4706987227648385 0.3411214953271028 0.048835462058602556 0.06809078771695588
2 0.5274229902329076 0.28371161548731644 0.034560480841472556 0.057409879839786376
2 0.5416979714500375 0.2576769025367156 0.021036814425244046 0.03738317757009344
3 0.6359879789631856 0.29506008010680906 0.021788129226145755 0.05607476635514022
5 0.7817430503380917 0.27703604806408544 0.01728024042073642 0.057409879839786376
