2 0.3559650824442289 0.39827586206896554 0.0659553831231814 0.09310344827586213
2 0.3952473326867119 0.4396551724137931 0.08244422890397672 0.12068965517241381
2 0.6537342386032978 0.2689655172413793 0.0310378273520854 0.04827586206896548
2 0.6168768186226964 0.23448275862068968 0.021338506304558677 0.02413793103448274
2 0.6382153249272551 0.23448275862068968 0.021338506304558677 0.02413793103448274
2 0.6644034917555771 0.25 0.027158098933074654 0.03448275862068964
2 0.6804073714839961 0.23706896551724138 0.024248302618816667 0.03275862068965516
0 0.44665373423860333 0.5793103448275861 0.09214354995150337 0.13103448275862065
0 0.5848690591658584 0.26982758620689656 0.017458777885547932 0.060344827586206906
0 0.7424830261881668 0.5991379310344828 0.07662463627546061 0.11206896551724142
0 0.8181377303588749 0.6422413793103448 0.06304558680892328 0.156896551724138
0 0.15518913676042678 0.5810344827586207 0.06595538312318137 0.13103448275862078
0 0.10717749757516959 0.6077586206896555 0.07274490785644983 0.13620689655172366
6 0.3123181377303588 0.625862068965517 0.05043646944713876 0.1655172413793099
5 0.7851600387972844 0.29310344827586204 0.012609117361784711 0.058620689655172385
5 0.7681862269641124 0.2620689655172414 0.011639185257032097 0.07241379310344825
