1 0.5261881668283219 0.7612068965517226 0.241513094083414 0.47758620689655085
2 0.5586808923375364 0.47758620689655173 0.07565470417070806 0.08275862068965516
2 0.6207565470417071 0.32758620689655177 0.044616876818622725 0.04827586206896548
2 0.6435499515033948 0.2836206896551724 0.030067895247332645 0.043103448275862065
2 0.6968962172647915 0.2586206896551724 0.02618816682832204 0.03793103448275861
2 0.481086323957323 0.29224137931034483 0.042677012609117354 0.053448275862069
2 0.41852570320077587 0.3896551724137926 0.061105722599418114 0.07586206896551723
2 0.11251212415130941 0.6301724137931035 0.14936954413191078 0.1775862068965518
7 0.4325897187196896 0.3206896551724139 0.05431619786614937 0.07241379310344827
2 0.5722599418040737 0.23189655172413792 0.027158098933074654 0.022413793103448255
2 0.6653734238603297 0.24224137931034484 0.019398642095053306 0.029310344827586193
0 0.6624636275460716 0.5948275862068962 0.06401551891367642 0.11724137931034512
0 0.01600387972841901 0.6112068965517241 0.03200775945683802 0.1258620689655172
0 0.0635305528612997 0.571551724137931 0.051406401551891356 0.11206896551724142
5 0.7405431619786615 0.5663793103448276 0.02812803103782727 0.1155172413793104
5 0.6532492725509215 0.5301724137931035 0.02036857419980592 0.09827586206896555
5 0.13627546071774976 0.5310344827586208 0.03006789524733268 0.10344827586206903
0 0.45586808923375366 0.2681034482758621 0.0155189136760427 0.04999999999999996
