2 0.33753637245392826 0.4284482758620689 0.06983511154219205 0.10172413793103452
2 0.3942774005819592 0.3568965517241379 0.05916585838991274 0.07241379310344832
2 0.4835111542192047 0.41379310344827586 0.07274490785645014 0.09655172413793103
2 0.596023278370514 0.44655172413793104 0.08050436469447142 0.1034482758620689
2 0.8220174587778856 0.5293103448275862 0.13482056256062067 0.1310344827586207
2 0.6096023278370514 0.3396551724137931 0.04946653734238602 0.05172413793103445
2 0.4631425800193986 0.35 0.055286129970901994 0.06551724137931032
2 0.4699321047526673 0.3017241379310345 0.04170708050436474 0.04482758620689651
0 0.19544131910766246 0.5577586206896552 0.05528612997090207 0.1258620689655173
5 0.7822502424830262 0.29137931034482756 0.01842870999030069 0.06206896551724135
0 0.6847720659553832 0.26120689655172413 0.017458777885548074 0.05000000000000004
1 0.7182347235693501 0.22758620689655173 0.032007759456838016 0.04482758620689655
2 0.6333656644034917 0.23189655172413792 0.0155189136760427 0.029310344827586227
2 0.6464597478176528 0.23275862068965517 0.016488845780795316 0.02413793103448274
0 0.9767216294859361 0.9086206896551724 0.04655674102812796 0.18275862068965523
