1 0.21576524741081704 0.8179959100204495 0.4315304948216341 0.36400817995909884
5 0.12500639588261572 0.5357839948069735 0.029081125257200923 0.11732746472528824
0 0.2691952685588482 0.35797784997799914 0.015399878416380837 0.08014640200076442
2 0.33226143731164604 0.4254181150762035 0.06746613401462088 0.09904270816354639
2 0.4041297404274397 0.44002749170987826 0.06694162024937483 0.09007798994667915
2 0.3673531712780918 0.3805466450874787 0.05289214439456764 0.07979734978972104
2 0.42217367510371145 0.3971914910558867 0.05123926488223752 0.08077645837609801
2 0.3976559623374796 0.3506838332029818 0.04077102797081267 0.07000626392595169
2 0.44448754852016975 0.3599853647735628 0.04903542553246382 0.08371378413522884
2 0.4396666499425399 0.3083373868421789 0.043250347239307915 0.06853760104638632
2 0.4791980182791049 0.3252270099571812 0.04022006813336922 0.07098537251232852
2 0.5041289509234193 0.3107851583081213 0.027823471790892354 0.0528718636643551
2 0.5169387671439787 0.29536419807268444 0.030302791059387744 0.056298743716674336
2 0.5955882839390262 0.34162707877899506 0.04820898577629869 0.08126601266928653
2 0.5779659494904007 0.23995034007195615 0.022539266077230592 0.036494047310413474
2 0.6578551259196957 0.2555270675824985 0.026045374133688598 0.038274244740189756
5 0.537850828518185 0.2310756872401431 0.0034210271121781943 0.023406051856562443
2 0.6241043181205758 0.23104986369263603 0.01935984715202153 0.034404309151547706
2 0.698517275762085 0.23723243982721698 0.013217604751597634 0.021278228960511285
7 0.6744145847444659 0.233778181879082 0.02441369348236279 0.05084667699654652
5 0.7674409428168346 0.24683854355057125 0.007338103155622377 0.03778405513987941
5 0.7863506701793997 0.31137237224080777 0.009031511576150564 0.05249643059257579
5 0.7928420691247579 0.41235276739340593 0.01486436280241449 0.08392741451424549
5 0.8218181687649074 0.49761767058516926 0.015993301749433045 0.09930853430570082
5 0.8775124901511688 0.48290529513247277 0.0163696147317728 0.08727113620804011
5 0.8575916054227499 0.5895485075261532 0.022994604785861412 0.1302780846336268
5 0.9714190415162649 0.6801057380309891 0.02208528610106865 0.15583636105779133
5 0.9921667285111482 0.5233338734856545 0.015666542977703413 0.08992035527201381
