0 0.7616959498001081 0.7080811301413286 0.03371840045643779 0.16005171319876255
0 0.8120517189028146 0.6919182724045079 0.04126067424274595 0.14822523192791806
0 0.22725532611075605 0.4168082614162411 0.02099983420415569 0.101293678803627
5 0.27600223491045517 0.3374464356017971 0.011460440825797029 0.056235319395637154
5 0.2881468811586878 0.34671766393459136 0.01043413269214355 0.03586901453343337
5 0.35167160650321777 0.28907664211811457 0.010017451589880225 0.057047235817830354
5 0.36294123954183305 0.2876605759807925 0.015253846739135924 0.059070187442576125
5 0.7696142603615814 0.25840412096915927 0.008039413713618729 0.04073260972440746
5 0.7654235021491632 0.24290141129792958 0.006842054224356389 0.03404516633681812
5 0.7987389397153545 0.4019667198643141 0.018782721731025447 0.08099898305482008
2 0.32510165953380243 0.44494389100349496 0.06896945547907717 0.10249617101398584
2 0.3987094117263848 0.4298920057496929 0.06614614443607401 0.09676211948872783
2 0.47413214958946925 0.2933499038044879 0.043559656092048656 0.06164105389652299
2 0.5233384277675242 0.26754667194082715 0.035493053112039805 0.04300538643943461
2 0.5757713471375829 0.25500343422932537 0.0314597516220352 0.040855117117462925
2 0.6167093572611289 0.3026677375330321 0.03912302445304377 0.061641053896522954
