0 0.4615384615384617 0.6241299303944315 0.11473272490221646 0.13921113689095105
0 0.7679269882659713 0.7030162412993038 0.0547588005215124 0.15313225058004634
0 0.07431551499348109 0.5904872389791184 0.07040417209908732 0.12296983758700698
5 0.2672750977835724 0.5417633410672854 0.031290743155149944 0.10440835266821338
5 0.7868318122555411 0.37470997679814383 0.01694915254237287 0.08584686774942
5 0.8031290743155153 0.3851508120649653 0.015645371577575017 0.06960556844547562
5 0.8057366362451108 0.43735498839907194 0.018252933507170895 0.09048723897911834
0 0.9830508474576272 0.9129930394431554 0.03389830508474574 0.17401392111368907
7 0.4941329856584094 0.25754060324825984 0.039113428943937406 0.060324825986078884
2 0.5228161668839636 0.29698375870069604 0.03129074315514991 0.051044083526682126
2 0.4934810951760105 0.32366589327146156 0.040417209908735346 0.058004640371229564
2 0.4563233376792698 0.3027842227378191 0.05215123859191657 0.07192575406032489
2 0.4256844850065189 0.3283062645011601 0.04302477183833119 0.06264501160092813
2 0.40091264667535853 0.35498839907192575 0.04563233376792695 0.06960556844547561
2 0.36440677966101703 0.3839907192575403 0.053455019556714604 0.0719257540603248
2 0.33833116036505856 0.4280742459396749 0.06910039113428924 0.07656612529002317
2 0.41916558018252936 0.4153132250580046 0.06649282920469354 0.09744779582366593
2 0.606910039113429 0.4083526682134571 0.053455019556714375 0.08352668213457072
2 0.698826597131682 0.5081206496519719 0.14863102998696193 0.11600928074245936
