2 0.5397008055235903 0.5132924335378323 0.07825086306098974 0.1267893660531697
2 0.4487917146144994 0.3169734151329244 0.04833141542002295 0.08588957055214724
5 0.11852704257767549 0.532719836400818 0.04372842347525891 0.1411042944785276
2 0.6185270425776754 0.30368098159509205 0.04257767548906798 0.07975460122699389
5 0.8066743383199079 0.541922290388548 0.043728423475259036 0.11451942740286299
5 0.8659378596087457 0.49488752556237214 0.028768699654775673 0.12269938650306748
0 0.7617951668584579 0.4335378323108385 0.03222094361334854 0.11451942740286299
5 0.7359033371691599 0.5756646216768916 0.028768699654775673 0.14110429447852751
5 0.6567439880695958 0.5559856556392805 0.03052966019853571 0.13621252299866193
5 0.6940941042699319 0.5427107063639872 0.023384420577601758 0.10504525078710358
0 0.6937693206507987 0.5981191902956463 0.0630080221118716 0.11889737177001834
0 0.643427859685128 0.5992735337108892 0.05196537906133749 0.13274949275293338
5 0.34411377196420745 0.2960736922631896 0.02357929074908178 0.07402804321952704
2 0.5314197051978278 0.2648275862068965 0.034134988363072195 0.04137931034482758
2 0.5543056633048874 0.24758620689655178 0.027152831652443723 0.04275862068965515
2 0.6505042668735453 0.26758620689655177 0.03180760279286261 0.044137931034482776
5 0.44065166795965865 0.25241379310344825 0.015515903801396433 0.05241379310344826
5 0.49844840961986037 0.23172413793103444 0.01318851823118699 0.03862068965517242
