5 0.7959064325815528 0.36278586278586294 0.022222222556191926 0.0810810810810811
0 0.6583167815784745 0.5884264254252644 0.076253495192173 0.11876249838137676
5 0.6590430055555028 0.5664811811591404 0.025417831938094083 0.11618070493830344
2 0.15146198817885462 0.5925155925155924 0.13918128629922988 0.17047817047817038
2 0.43918128654970756 0.32328482328482333 0.05730994152046776 0.0686070686070686
2 0.6064327485380117 0.36486486486486486 0.05029239766081872 0.06860706860706862
2 0.6432748538011697 0.2785862785862786 0.03742690058479532 0.0498960498960499
2 0.687719298245614 0.27234927234927236 0.03274853801169584 0.041580041580041575
4 0.49298245601511215 0.3274428274428274 0.02456140325829418 0.07276507276507277
7 0.2883040935672513 0.46569646569646567 0.09473684210526308 0.14553014553014557
7 0.4181286550542527 0.40332640332640307 0.061988304260552886 0.1081081081081081
0 0.29915141809051865 0.36515311942551376 0.03566429152617673 0.06849568929573983
2 0.5879501925754786 0.2511150835235639 0.026235800662934638 0.03570519973926864
2 0.6035276992190961 0.2430996305208709 0.023776194350784364 0.029875779373673764
