2 0.06515957446808511 0.6658070070523742 0.13031914893617022 0.15430904956574124
5 0.7998670212765958 0.44680851063829785 0.019946808510638476 0.08510638297872347
5 0.8171542553191489 0.4444444444444444 0.017287234042553338 0.08510638297872333
5 0.16289893617021278 0.5023640661938533 0.022606382978723385 0.12056737588652487
2 0.5086436170212767 0.26595744680851063 0.0385638297872341 0.04964539007092199
2 0.5059840425531915 0.30969267139479906 0.041223404255319264 0.052009456264775406
2 0.46409574468085113 0.34278959810874704 0.053191489361702156 0.07565011820330966
2 0.38563829787234044 0.3664302600472812 0.055851063829787224 0.07092198581560265
2 0.40625000000000006 0.4397163120567376 0.06515957446808514 0.08983451536643024
2 0.5485372340425534 0.5189125295508273 0.07845744680851063 0.11111111111111098
2 0.6017287234042552 0.3581560283687943 0.04388297872340428 0.05910165484633564
