2 0.5358539765319426 0.25174013921113686 0.03389830508474578 0.04872389791183295
2 0.5677966101694913 0.25986078886310904 0.029986962190352028 0.04176334106728537
2 0.5032594524119948 0.271461716937355 0.036505867014341574 0.06032482598607892
2 0.4706649282920469 0.2923433874709977 0.036505867014341574 0.055684454756380466
2 0.636897001303781 0.2842227378190255 0.02998696219035203 0.048723897911832986
2 0.5945241199478488 0.3538283062645011 0.046936114732724986 0.06728538283062643
3 0.5847457627118642 0.411832946635731 0.024771838331159986 0.06728538283062643
2 0.5717079530638853 0.4872389791183293 0.0691003911342894 0.08352668213457083
2 0.5378096479791394 0.6600928074245939 0.09778357235984357 0.16009280742459386
2 0.5299869621903519 0.9779582366589327 0.14732724902216426 0.044083526682134534
2 0.3865710560625814 0.36774941995359633 0.05084745762711863 0.07656612529002321
2 0.3272490221642764 0.4361948955916473 0.07822685788787484 0.1252900232018561
5 0.6564537157757496 0.5464037122969837 0.022164276401564664 0.10904872389791206
0 0.7522816166883968 0.641531322505801 0.033898305084746005 0.15081206496519742
0 0.6805736636245111 0.5974477958236659 0.07561929595827938 0.1183294663573085
0 0.3533246414602347 0.3294663573085847 0.015645371577574993 0.06960556844547568
5 0.33507170795306396 0.30046403712296976 0.01564537157757492 0.06728538283062643
5 0.7861799217731422 0.40951276102088174 0.020860495436766623 0.09048723897911834
5 0.8050847457627119 0.3863109048723898 0.016949152542373013 0.08120649651972159
