4 0.5161104718066744 0.7014314928425358 0.049482163406214 0.15541922290388555
0 0.6478711162255466 0.6094069529652352 0.07825086306098968 0.15541922290388555
5 0.6317606444188723 0.5449897750511248 0.023014959723820567 0.12474437627811867
5 0.18354430379746836 0.3885480572597137 0.014959723820483327 0.09815950920245399
5 0.23245109321058685 0.36809815950920244 0.018411967779056404 0.09406952965235177
5 0.3670886075949367 0.278118609406953 0.01841196777905644 0.06952965235173827
5 0.8590333716915995 0.5858895705521473 0.019562715765247277 0.10429447852760731
5 0.8734177215189873 0.5460122699386503 0.01841196777905637 0.10633946830265849
5 0.8463751438434983 0.5480572597137015 0.021864211737629376 0.11042944785276078
5 0.7951668584579977 0.4304703476482618 0.016110471806674413 0.1002044989775051
0 0.7669735327963177 0.541922290388548 0.024165707710011475 0.11860940695296521
2 0.19792865362485615 0.6809815950920243 0.12888377445339466 0.1881390593047031
2 0.3279631760644419 0.5255623721881391 0.08285385500575376 0.130879345603272
2 0.25604142692750287 0.49386503067484666 0.10011507479861911 0.11656441717791416
2 0.3532796317606444 0.3977505112474438 0.06904487917146142 0.09611451942740296
2 0.40736478711162255 0.43149284253578735 0.05753739930955121 0.1022494887525562
2 0.45454545454545453 0.3650306748466258 0.05063291139240505 0.09611451942740291
2 0.41426927502876865 0.33946830265848665 0.05753739930955121 0.07770961145194274
2 0.49136939010356734 0.32924335378323105 0.03912543153049484 0.06952965235173827
7 0.44591484464902187 0.3016359918200409 0.049482163406214 0.0838445807770961
2 0.4953970080552359 0.2832310838445808 0.037974683544303785 0.05930470347648264
0 0.5138089758342923 0.3507157464212679 0.024165707710011475 0.07157464212678938
