2 0.17846750727449076 0.5887931034482758 0.11639185257031999 0.16034482758620686
2 0.2778855480116392 0.493103448275862 0.08826382153249276 0.11724137931034483
2 0.5741998060135792 0.47155172413793095 0.0698351115421926 0.11896551724137928
2 0.6513094083414163 0.33275862068965517 0.04946653734238595 0.08620689655172403
2 0.6765276430649854 0.29482758620689653 0.00484966052376322 0.0034482758620690036
2 0.5252182347235693 0.8534482758620691 0.12900096993210483 0.21724137931034476
2 0.687681862269641 0.25948275862068965 0.031037827352085257 0.03620689655172413
0 0.39185257032007764 0.5379310344827586 0.034917555771096 0.12413793103448277
0 0.569835111542192 0.2793103448275862 0.01842870999030069 0.05862068965517242
0 0.6062075654704171 0.25 0.017458777885548 0.04827586206896548
0 0.019883608147429673 0.5689655172413789 0.039767216294859346 0.14137931034482737
6 0.06983511154219205 0.593103448275862 0.03879728419010669 0.1448275862068965
5 0.6513094083414162 0.5620689655172414 0.024248302618816595 0.14137931034482762
5 0.7841901066925315 0.31551724137931036 0.01260911736178457 0.05862068965517242
0 0.3996120271580989 0.2879310344827586 0.015518913676042629 0.06551724137931028
0 0.45974781765276435 0.25689655172413794 0.011639185257032026 0.04827586206896555
5 0.502909796314258 0.2353448275862069 0.006789524733268664 0.03620689655172416
5 0.7657613967022309 0.23965517241379308 0.006789524733268735 0.03793103448275861
0 0.7502424830261881 0.296551724137931 0.012609117361784711 0.07241379310344825
0 0.7225994180407372 0.28706896551724137 0.013579049466537327 0.06379310344827588
2 0.680407371483996 0.2387931034482758 0.026188166828321723 0.04310344827586197
2 0.7046556741028128 0.24568965517241384 0.02424830261881655 0.039655172413793106
