2 0.18962172647914646 0.6905172413793104 0.15227934044616878 0.17758620689655166
2 0.16585838991270613 0.5982758620689655 0.1280310378273521 0.14827586206896548
2 0.28225024248302616 0.4905172413793103 0.08535402521823471 0.12241379310344819
2 0.39088263821532493 0.3672413793103448 0.0620756547041708 0.07586206896551723
2 0.556741028128031 0.5181034482758621 0.08923375363724538 0.09482758620689659
2 0.5819592628516004 0.4051724137931035 0.06013579049466536 0.07586206896551723
2 0.6420950533462658 0.27586206896551724 0.034917555771096 0.04482758620689655
2 0.662948593598448 0.2456896551724138 0.02618816682832204 0.046551724137930996
2 0.6139670223084385 0.2310344827586207 0.019398642095053233 0.017241379310344803
2 0.6265761396702231 0.23189655172413792 0.017458777885547932 0.022413793103448255
0 0.7196896217264789 0.6068965517241378 0.07371483996120314 0.1344827586206897
0 0.7900096993210477 0.6137931034482759 0.030067895247332645 0.1517241379310346
0 0.024733268671193014 0.5922413793103448 0.04946653734238603 0.1396551724137933
3 0.4529582929194956 0.3086206896551724 0.02133850630455875 0.06551724137931039
5 0.4073714839961202 0.2672413793103448 0.017458777885548 0.05517241379310342
5 0.8734238603297768 0.5879310344827586 0.024248302618816667 0.13448275862068967
5 0.6513094083414163 0.5905172413793103 0.028128031037827413 0.13620689655172413
5 0.6629485935984483 0.571551724137931 0.030067895247332645 0.13965517241379302
5 0.786129970902037 0.3896551724137931 0.01842870999030069 0.09310344827586206
5 0.8050436469447139 0.3603448275862069 0.021338506304558677 0.08620689655172413
5 0.7856450048496606 0.2939655172413793 0.011639185257032097 0.05000000000000004
