2 0.5210368144252441 0.7556742323097461 0.1029301277235159 0.17356475300400517
2 0.5499624342599551 0.5433911882510013 0.07513148009015773 0.12817089452603467
0 0.8358377160030054 0.7242990654205608 0.04432757325319315 0.17757009345794394
0 0.8181818181818181 0.5594125500667556 0.06761833208114197 0.13351134846461932
5 0.8730277986476337 0.6194926568758345 0.028549962434260015 0.1388518024032044
0 0.8989481592787371 0.5540720961281708 0.06686701728024044 0.11481975967957272
6 0.014650638617580767 0.609479305740988 0.029301277235161533 0.15353805073431245
2 0.23553719008264465 0.5333778371161548 0.10142749812171299 0.16154873164218964
2 0.37152516904583033 0.3838451268357809 0.05785123966942167 0.07877169559412557
4 0.5131480090157776 0.342456608811749 0.02854996243426001 0.06809078771695595
2 0.5894064613072878 0.36782376502002706 0.050338091660405745 0.07877169559412556
2 0.4474079639368897 0.31441922563417896 0.047332832456799354 0.06008010680907885
0 0.35274229902329085 0.30841121495327095 0.017280240420736278 0.06675567423230962
0 0.4015777610818933 0.3050734312416556 0.014274981217130006 0.060080106809078763
0 0.4421487603305785 0.26635514018691586 0.012772351615326798 0.03871829105473964
5 0.7870022539444029 0.3524699599465954 0.023290758827948975 0.07209612817089454
5 0.7877535687453043 0.2997329773030708 0.017280240420736278 0.041388518024032026
2 0.6096919609316304 0.33444592790387184 0.03531179564237404 0.060080106809078784
2 0.620961682945154 0.30574098798397864 0.033809166040570916 0.04806408544726306
2 0.6468820435762584 0.27369826435246997 0.030052592036063076 0.03738317757009344
2 0.5912847483095417 0.24632843791722295 0.022539444027047467 0.036048064085447286
