0 0.032306536438767845 0.609479305740988 0.06461307287753569 0.13217623497997338
5 0.012396694214876033 0.5173564753004005 0.023290758827948913 0.07076101468624835
5 0.12847483095416978 0.5307076101468625 0.03005259203606311 0.12416555407209615
5 0.7911344853493614 0.3578104138851802 0.01953418482344091 0.07209612817089457
5 0.7813673929376409 0.27703604806408544 0.015026296018031501 0.06275033377837115
5 0.4800901577761082 0.2363150867823765 0.015026296018031501 0.05073431241655538
6 0.07738542449286251 0.5534045393858478 0.03005259203606312 0.13751668891855814
0 0.10330578512396695 0.5554072096128171 0.03831705484598046 0.11481975967957282
0 0.6942148760330579 0.5854472630173565 0.04507888805409465 0.12950600801068085
0 0.663410969196093 0.610146862483311 0.05860255447032309 0.11481975967957288
0 0.734785875281743 0.5874499332443257 0.05860255447032316 0.13084112149532692
0 0.41960931630353115 0.27236315086782376 0.02028549962434262 0.061415220293724995
0 0.8290758827948911 0.6668891855807744 0.035311795642374195 0.1588785046728971
0 0.919609316303531 0.609479305740988 0.07212622088655096 0.12416555407209602
0 0.7689706987227649 0.6695594125500668 0.0503380916604057 0.1535380507343124
0 0.7565740045078888 0.4899866488651535 0.03155522163786628 0.10413885180240313
4 0.5901577761081893 0.3651535380507343 0.026296018031555235 0.07076101468624828
2 0.1220886551465064 0.7109479305740988 0.15251690458302028 0.23097463284379174
2 0.23666416228399698 0.6328437917222964 0.10518407212622083 0.1735647530040053
2 0.2464312546957175 0.5120160213618158 0.08264462809917354 0.11081441922563422
2 0.31217129977460556 0.5634178905206944 0.08339594290007515 0.1361815754339119
2 0.36589030803906836 0.4779706275033378 0.07663410969196092 0.1121495327102803
2 0.3925619834710744 0.42590120160213574 0.0608564988730278 0.1041388518024032
2 0.423365890308039 0.38985313751668876 0.05484598046581529 0.09078771695594119
2 0.4534184823441022 0.356475300400534 0.04883546205860243 0.07209612817089447
2 0.5323065364387678 0.26168224299065423 0.030803906836964642 0.04272363150867825
2 0.5777610818933133 0.24966622162883845 0.03155522163786628 0.04005340453938583
2 0.6525169045830204 0.2623497997329773 0.030803906836964715 0.03604806408544725
2 0.64763335837716 0.3457943925233643 0.05108940646130735 0.06942590120160204
2 0.5184072126220888 0.7369826435246999 0.0991735537190082 0.17623497997329765
