5 0.7587276958882855 0.5668965517241379 0.029480217222653097 0.13241379310344825
5 0.902249806051202 0.6958620689655174 0.04034134988363063 0.14482758620689656
5 0.8902249806051201 0.5668965517241379 0.028704422032583346 0.1241379310344827
5 0.7486164828182763 0.409038372887005 0.016450644622672 0.08891425930016225
5 0.7660541661183086 0.4119631840481945 0.016450644622672 0.07955486358435579
5 0.7872754976815557 0.41722784413833564 0.01283150280568421 0.07955486358435579
5 0.7978039102400655 0.4131331085126703 0.01283150280568421 0.07136539233302507
5 0.812773996846697 0.4157654385577406 0.011844464128324185 0.07663005242316615
5 0.7459843796786488 0.31076471787103616 0.011186438343416967 0.06551577001064586
5 0.7579933502531992 0.3174917835417721 0.009541373881149723 0.057911260991553026
5 0.7696733079352964 0.34673989515366754 0.00855433520378952 0.047381940811270694
2 0.5900322686557181 0.41722784413833564 0.051326011222736695 0.08423456144225888
7 0.6175048451755804 0.32714366037369763 0.05889330774916573 0.10178342840939626
2 0.48027570631705124 0.46569021019254975 0.07269408253601782 0.10510893869966884
2 0.38612373194811256 0.4645223330958869 0.07794907645428417 0.10433035396856014
2 0.4207191085766994 0.398342630951651 0.06831492093746248 0.09031582880860434
2 0.4511542816866587 0.3609705638584353 0.051236190703096936 0.07941564257308308
2 0.4813704967166902 0.33021646697964335 0.047732861424252704 0.061508193757584026
2 0.5312929389402204 0.28505855257534124 0.03809870590743102 0.04593649913541082
2 0.8498836307214895 0.5386206896551724 0.1761055081458495 0.09241379310344816
5 0.7806381384213998 0.397994189254381 0.011420282217392094 0.06526438128274206
5 0.7781909350891015 0.2884950606577806 0.0070696985155285575 0.03770830918558428
5 0.7906988632319596 0.2887367805884574 0.005982052590062494 0.03335735043340147
5 0.7689459447226412 0.32644508977404174 0.008701167403727368 0.03625798960152327
5 0.7792785810145675 0.3353887272090841 0.009788813329193147 0.036741429462876986
5 0.7806381384213998 0.3747890759094061 0.0114202822173921 0.04786054627401079
5 0.7904269517505931 0.38373271334444853 0.008157344440994337 0.052211505026193594
5 0.8110922243344456 0.39122603119543004 0.012507928142858305 0.05269494488754731
5 0.8013034110052523 0.38832539202730815 0.005438229627329463 0.055595584055669105
5 0.7985842961915876 0.3921929109181373 0.0070696985155285575 0.04399302738318163
5 0.8010314995238859 0.3537594419405225 0.006525875552795526 0.0415758280764134
5 0.8049742160036998 0.3726135965333148 0.009516901847826774 0.04447646724453534
5 0.7913786419353758 0.373580476256022 0.006797787034162042 0.04931086585807172
5 0.7913786419353758 0.3593190003460895 0.007885432959627679 0.05849622322379091
5 0.8032067913748177 0.3462661240895411 0.008701167403727368 0.04786054627401086
5 0.7927381993422082 0.3327298079716391 0.006797787034162042 0.053661824610254524
5 0.7852606336046302 0.3341801275557001 0.0065258755527957115 0.05366182461025459
5 0.7834932089757478 0.2935711792019939 0.006797787034162042 0.04012550849235247
5 0.7737043956465547 0.3063823355278654 0.008973078885093742 0.03384079029475515
5 0.7940977567490407 0.31435909324020056 0.008973078885093884 0.041092388215059755
