2 0.5378096479791395 0.25638051044083526 0.02998696219035196 0.03480278422273788
2 0.5052151238591918 0.2726218097447797 0.029986962190352316 0.039443155452436235
2 0.49478487614080824 0.3190255220417633 0.05084745762711865 0.06728538283062648
2 0.4458930899608866 0.31206496519721577 0.0469361147327249 0.06728538283062643
2 0.35919165580182527 0.394431554524362 0.05606258148631028 0.07424593967517402
2 0.35919165580182527 0.5104408352668212 0.07953063885267274 0.1160092807424592
2 0.2979139504563234 0.4675174013921112 0.07692307692307696 0.10440835266821334
2 0.06127770534550195 0.8019405196824921 0.1225554106910039 0.20712929922577394
2 0.5547588005215119 0.5081206496519721 0.07170795306388539 0.09744779582366596
2 0.6349413298565841 0.2819025522041763 0.039113428943937475 0.04408352668213457
2 0.5990873533246415 0.3584686774941995 0.04563233376792695 0.06264501160092806
2 0.6329856584093873 0.4048723897911833 0.05084745762711859 0.07192575406032482
0 0.7529335071707953 0.37122969837587005 0.01694915254237287 0.07888631090487244
5 0.7985658409387223 0.4292343387470997 0.019556714471968634 0.09280742459396756
5 0.971968709256845 0.6496519721577728 0.027379400260755974 0.1484918793503481
0 0.015645371577574965 0.5188778746708916 0.03129074315514993 0.11896224586150489
0 0.07561929595827901 0.49303944315545245 0.03389830508474576 0.1183294663573085
0 0.1271186440677966 0.46055684454756374 0.0273794002607562 0.10440835266821345
0 0.2470664928292047 0.39443155452436196 0.022164276401564535 0.111368909512761
0 0.30638852672750977 0.33990719257540597 0.023468057366362448 0.07192575406032468
0 0.36831812255541074 0.31322505800464034 0.022164276401564535 0.06960556844547565
6 0.3461538461538462 0.3317865429234339 0.022164276401564535 0.06032482598607885
