0 0.07710011507479861 0.5316973415132925 0.03912543153049482 0.10633946830265849
6 0.19390103567318756 0.4488752556237219 0.03337169159953973 0.13292433537832316
0 0.6628308400460299 0.5869120654396728 0.07825086306098954 0.13087934560327205
5 0.857307249712313 0.4897750511247444 0.032220943613348825 0.1002044989775051
2 0.09493670886075951 0.7770961145194275 0.18757192174913698 0.278118609406953
2 0.2468354430379747 0.6503067484662577 0.11852704257767549 0.1758691206543967
2 0.2520138089758343 0.532719836400818 0.09896432681242807 0.1533742331288343
2 0.38032220943613354 0.47239263803680986 0.06789413118527043 0.130879345603272
2 0.3636363636363636 0.3946830265848671 0.05753739930955121 0.08997955010224956
2 0.40736478711162255 0.34253578732106343 0.04142692750287694 0.07566462167689167
2 0.4476409666283084 0.37423312883435583 0.05293440736478708 0.07770961145194277
2 0.48158803222094365 0.3343558282208589 0.037974683544303715 0.07157464212678938
2 0.4436133486766398 0.3149284253578732 0.040276179516685814 0.065439672801636
0 0.4048183228652205 0.2841546622669492 0.017233197275473913 0.05538572495987793
0 0.42571815785888023 0.2734033156570906 0.015766542188199464 0.052127741138708605
2 0.46128454372528366 0.30337676681184805 0.03409973077912902 0.04430857996790241
2 0.5076675108603356 0.3111959279826543 0.03446639455094754 0.05864370878104722
2 0.5252673719076277 0.29458021049469085 0.030799756832761278 0.04886975731753931
2 0.48456769323576426 0.2864352509417677 0.0337330670073105 0.04691496702483775
2 0.5051008644576054 0.2691679366895705 0.028599774201850253 0.04365698320366846
2 0.5335173067735463 0.28610945255965076 0.029699765517305892 0.04756656378907159
2 0.5502005083912923 0.2740549124213244 0.029333101745487297 0.0443085799679023
2 0.5181174283571653 0.26102297713664724 0.031166420604580268 0.04300538643943461
5 0.7877935265094465 0.29402003114095016 0.010909004781379537 0.05169693336070278
5 0.777124257558161 0.2838099919956959 0.00751308869241015 0.0477416583439998
6 0.7685866567713313 0.29068802751983147 0.00728541933809467 0.03317640664583038
