1 0.7538011695906445 0.6174636174636173 0.4900584795321637 0.26195426195426197
2 0.27953216361745126 0.4968814968814969 0.07719298270661804 0.11226611226611222
2 0.32982456140350874 0.4282744282744283 0.06315789473684216 0.07900207900207903
2 0.35555555555555557 0.3991683991683992 0.05146198830409361 0.07900207900207903
2 0.44152046783625726 0.37629937629937626 0.052631578947368356 0.07068607068607072
7 0.4064327488719821 0.42099792099792105 0.0643274860480575 0.11018711018711017
2 0.5807017543859649 0.3991683991683992 0.059649122807017535 0.08316008316008322
2 0.6128654970760234 0.32224532224532226 0.044444444444444425 0.04573804573804576
2 0.6783625730994152 0.3108108108108108 0.044444444444444425 0.05613305613305613
6 0.7207207374458986 0.4313235185183967 0.03110049201398226 0.09601711151925897
5 0.7977527376017428 0.349942624182055 0.014880618188508237 0.06260068795103198
5 0.7808880368287582 0.342448175624532 0.014880618507186522 0.07053598642369771
5 0.7905604388106307 0.318642280206539 0.009424391519388564 0.054665389478366036
5 0.7771678823524504 0.3186422802065366 0.010416432908999853 0.05819218879955086
5 0.7873363048697871 0.3001265837703182 0.010912453338239203 0.054665389478366036
5 0.7731997175907043 0.2926321352128003 0.012400515157090411 0.06612748727221696
2 0.37687925317010185 0.36934002044857195 0.048113998809509936 0.06260068795103209
2 0.3999442113622896 0.3495017742669069 0.05456226669119687 0.06700918710251315
2 0.46219479738006436 0.34729752469116626 0.04811399880950986 0.06083728829043948
2 0.4289614168298806 0.3159971807156503 0.05009808123464438 0.058192188799550876
2 0.48749184837134635 0.322609929442872 0.045137875171808235 0.0590738886298471
2 0.504108538433984 0.30233083334605865 0.04067368971525575 0.05731048896925468
2 0.4631868387519718 0.2952772347036879 0.03819358686088325 0.053783689648069656
2 0.4850117453399283 0.28117003741894936 0.03025725698330021 0.03967649236333013
7 0.5013804253472873 0.25868669174639564 0.04414583395924112 0.06171898812073582
2 0.554950650648872 0.27103048937054275 0.032241339408434586 0.04761179083599618
2 0.5219652805080571 0.26838538987965416 0.02182490667647876 0.0458483911754038
2 0.5301496205117365 0.26000924149184 0.026289092133031176 0.046730091005699956
2 0.5415580944562595 0.25295564284947014 0.021328886070195167 0.02909609439977551
2 0.5472623314285211 0.2516330931040258 0.024801030314180395 0.033504593551256574
2 0.5571827435541932 0.24898799361313717 0.02281694788904588 0.029977794230071665
2 0.5837198459903662 0.2538373426797664 0.030257256983300066 0.03614969304214522
5 0.47682740533624873 0.2388484455647306 0.004960206062836079 0.030859494060367892
