5 0.1369390103567319 0.5368098159509203 0.023014959723820477 0.12065439672801631
5 0.10701956271576525 0.5122699386503068 0.03222094361334868 0.13292433537832302
5 0.032796317606444185 0.5644171779141104 0.03567318757192175 0.1390593047034764
2 0.1806674338319908 0.7034764826175869 0.1518987341772152 0.17995910020449904
2 0.2600690448791715 0.5030674846625767 0.07594936708860761 0.12269938650306741
2 0.37341772151898733 0.4815950920245408 0.07479861910241649 0.11247443762781204
2 0.3273878020713464 0.4314928425357874 0.05868814729574226 0.0940695296523519
2 0.3688147295742232 0.38139059304703465 0.06098964326812428 0.07566462167689157
2 0.40276179516685845 0.3374233128834356 0.04602991944764092 0.057259713701431424
2 0.42520138089758347 0.3916155419222903 0.054085155350978124 0.0920245398773006
2 0.47525891829689293 0.3312883435582822 0.04142692750287693 0.07361963190184048
2 0.46029919447640966 0.30265848670756645 0.03682393555811281 0.06134969325153371
2 0.5063291139240507 0.3047034764826176 0.03222094361334875 0.05316973415132921
2 0.5397008055235903 0.28118609406952966 0.02991944764096651 0.05112474437627814
2 0.5132336018411968 0.2658486707566462 0.03222094361334875 0.044989775051124746
2 0.6415420023014952 0.2842535787321063 0.04257767548906784 0.05725971370143148
7 0.5701956271576525 0.245398773006135 0.040276179516685905 0.06543967280163598
4 0.4096662830840046 0.5153374233128833 0.04142692750287697 0.11860940695296542
0 0.5414269275028769 0.23517382413087937 0.012658227848101262 0.044989775051124746
5 0.7681242807825086 0.26278118609406953 0.014959723820483361 0.0511247443762781
5 0.7531645569620252 0.2505112474437628 0.012658227848101404 0.05112474437627814
2 0.6634062140391254 0.2515337423312884 0.019562715765247398 0.04089979550102247
