5 0.8553719008264463 0.5293724966622163 0.029301277235161505 0.12683578104138854
5 0.990232907588279 0.7650200267022703 0.01953418482344048 0.16555407209612838
5 0.777610818933133 0.3351134846461949 0.01953418482344105 0.0667556742323097
5 0.7727272727272728 0.2543391188251002 0.01577761081893314 0.04138851802403206
5 0.30465815176558975 0.31708945260347127 0.02329075882794889 0.0787716955941255
5 0.42674680691209615 0.2590120160213618 0.012021036814425233 0.05073431241655537
0 0.2160030052592036 0.4245660881174899 0.027798647633358372 0.0907877169559412
0 0.08827948910593539 0.568090787716956 0.030803906836964674 0.1535380507343124
0 0.058978211870773845 0.5854472630173565 0.030803906836964684 0.14552736982643522
0 0.726145755071375 0.6094793057409881 0.06085649887302782 0.12683578104138843
0 0.6626596543951916 0.6081441922563419 0.06311044327573263 0.12149532710280375
0 0.6404958677685952 0.5841121495327103 0.04883546205860224 0.1295060080106811
2 0.5150262960180315 0.8057409879839788 0.12096168294515401 0.18291054739652865
2 0.18670172802404209 0.644192256341789 0.16453794139744551 0.18558077436582102
2 0.28287002253944393 0.5433911882510014 0.07888805409466565 0.12550066755674258
2 0.5582268970698717 0.48197596795727615 0.06461307287753537 0.09612817089452629
2 0.6157024793388429 0.3184245660881175 0.03831705484598046 0.06542056074766357
2 0.6461307287753568 0.27369826435246997 0.02854996243425994 0.04272363150867825
2 0.6758076634109691 0.25033377837116155 0.02629601803155522 0.0333778371161549
0 0.6472577009767092 0.5647530040053405 0.057851239669421586 0.12550066755674222
