7 0.04948216340621406 0.8271983640081797 0.09896432681242812 0.34560327198364
2 0.17261219792865362 0.7351738241308794 0.14039125431530497 0.23517382413087928
2 0.26352128883774456 0.6094069529652352 0.11967779056386657 0.17177914110429435
2 0.34407364787111616 0.5051124744376279 0.0782508630609896 0.12269938650306748
2 0.38204833141541994 0.4447852760736197 0.05983889528193323 0.10838445807770959
2 0.33601841196777904 0.4110429447852761 0.06674338319907942 0.08997955010224956
7 0.3609081356722056 0.3765869825823285 0.059838895281933306 0.0756646216768916
2 0.42520138089758347 0.41308793456032716 0.054085155350978124 0.08588957055214727
2 0.4401611047180667 0.37423312883435583 0.054085155350978124 0.08997955010224949
4 0.5120828538550057 0.35276073619631904 0.023014959723820567 0.09202453987730057
0 0.19735327963176064 0.5664621676891616 0.06098964326812428 0.1308793456032719
0 0.7537399309551208 0.6717791411042944 0.06214039125431526 0.1370143149284253
5 0.7266973532796318 0.6083844580777096 0.014959723820483361 0.06339468302658488
5 0.7376294591484464 0.5715746421267894 0.01841196777905637 0.11247443762781188
5 0.7163406214039125 0.5439672801635992 0.019562715765247277 0.10633946830265842
5 0.6449942462600692 0.5695296523517382 0.01956271576524742 0.13292433537832316
5 0.8555811277330264 0.598159509202454 0.024165707710011617 0.12883435582822073
5 0.8153049482163405 0.600204498977505 0.01956271576524742 0.11656441717791402
5 0.7934407364787112 0.6012269938650308 0.02876869965477553 0.10633946830265849
0 0.7623705408515536 0.558282208588957 0.02876869965477553 0.12269938650306741
2 0.7289988492520137 0.5122699386503068 0.12313003452243962 0.11247443762781181
5 0.8895281933256618 0.4969325153374233 0.023014959723820567 0.10633946830265849
2 0.9407364787111624 0.5460122777396671 0.11852704257767542 0.10224947315052241
5 0.8544303797468353 0.5020449897750511 0.02876869965477553 0.11247443762781181
2 0.6041426927502878 0.418200408997955 0.05293440736478714 0.07975460122699389
2 0.5932105868814729 0.36298568507157464 0.054085155350978124 0.07157464212678931
2 0.3987341772151899 0.3496932515337423 0.037974683544303785 0.06952965235173827
2 0.42289988492520136 0.32924335378323105 0.03797468354430378 0.06952965235173827
2 0.4746835443037975 0.32924335378323105 0.04257767548906798 0.07361963190184043
2 0.5023014959723819 0.3159509202453986 0.03567318757192179 0.05521472392638013
2 0.524741081703107 0.287321063394683 0.029919447640966653 0.059304703476482604
2 0.6110471806674338 0.31799591002044986 0.04142692750287694 0.06339468302658481
2 0.6570771001150749 0.3047034764826176 0.03452243958573071 0.07770961145194277
0 0.7180667433831991 0.32004089979550104 0.023014959723820425 0.07157464212678935
5 0.25604142692750287 0.34662576687116564 0.026467203682393504 0.07157464212678931
0 0.7482235165855551 0.2856678635464825 0.012968609911994946 0.06145724342753184
5 0.38985759601742637 0.28566786354648255 0.012104035917862035 0.052238656913402154
5 0.37688898610543137 0.2833632169179501 0.008645739941330034 0.04762936365633728
5 0.36824324616410137 0.28182678583226184 0.010374887929596 0.05377508799909045
5 0.7836710503450081 0.2941182345177682 0.012968609911994946 0.05377508799909041
5 0.7656830069462436 0.2720581053717567 0.0048944066645965735 0.04060894835370608
5 0.7723448382397222 0.2696409060649884 0.007341609996894931 0.04350958752182798
5 0.7809100499027665 0.26939918613431163 0.007069698515528415 0.04109238821505979
