2 0.8074501573976919 0.5401119402985078 0.1353620146904513 0.11007462686567218
2 0.6175236096537251 0.4505597014925374 0.08289611752360955 0.09141791044776115
2 0.46799580272822666 0.4645522388059702 0.06086044071353627 0.11194029850746276
2 0.6007345225603351 0.3628731343283582 0.04302203567681004 0.08022388059701495
2 0.4213011542497377 0.3992537313432836 0.05351521511017836 0.08582089552238813
2 0.39874081846799575 0.4468283582089553 0.05876180482686256 0.11007462686567165
2 0.31479538300104926 0.45522388059701496 0.06715634837355716 0.0895522388059701
5 0.33840503672612804 0.41417910447761186 0.053515215110178434 0.07835820895522394
5 0.8593913955928646 0.6473880597014926 0.025183630640083835 0.14179104477611937
5 0.7492130115424973 0.38992537313432835 0.025183630640083977 0.08582089552238799
0 0.040923399790136414 0.594216417910448 0.08184679958027283 0.1361940298507463
