2 0.35099685204617 0.49067164179104483 0.0786988457502623 0.13059701492537307
2 0.323189926547744 0.42723880597014924 0.07555089192025183 0.14179104477611942
2 0.40398740818468 0.4319029850746269 0.06505771248688355 0.08768656716417915
2 0.4401888772298006 0.3908582089552239 0.05351521511017836 0.06902985074626869
2 0.4569779643231899 0.3526119402985074 0.04931794333683113 0.07089552238805966
2 0.48058761804826866 0.3348880597014926 0.03777544596012589 0.05783582089552244
2 0.6789087093389297 0.2994402985074627 0.03567681007345214 0.03917910447761198
2 0.6353620146904513 0.27798507462686567 0.034627492130115414 0.052238805970149294
5 0.2376705141657923 0.3815298507462686 0.026232948583420672 0.09514925373134324
5 0.056138509968520454 0.4776119402985074 0.022035676810073453 0.10820895522388063
5 0.9265477439664218 0.683768656716418 0.02728226652675758 0.13619402985074636
