2 0.67624810892587 0.49798387096774194 0.13010590015128598 0.1008064516129032
2 0.5839636913767017 0.4025537634408602 0.062027231467472826 0.09005376344086008
2 0.6229198184568835 0.3138440860215054 0.050680786686838106 0.0551075268817204
2 0.6516641452344932 0.2701612903225806 0.034039334341906126 0.04301075268817204
2 0.5937972768532527 0.24327956989247312 0.019667170953101377 0.04032258064516128
2 0.573373676248109 0.23588709677419356 0.019667170953101446 0.0336021505376344
2 0.5090771558245083 0.27217741935483875 0.036308623298033284 0.05241935483870968
2 0.3252647503782147 0.4267473118279568 0.07866868381240512 0.1249999999999991
2 0.41301059001512863 0.4146505376344086 0.07261724659606657 0.103494623655914
2 0.4512102874432678 0.35618279569892475 0.05824508320726167 0.08870967741935484
2 0.36270801815431164 0.39247311827956993 0.053706505295007506 0.08064516129032256
2 0.3952344931921331 0.3521505376344086 0.059757942511346446 0.07258064516129031
2 0.4209531013615734 0.32997311827956993 0.040090771558245065 0.06854838709677416
0 0.15544629349470498 0.46706989247311825 0.02798789712556731 0.103494623655914
5 0.14523449319213314 0.40322580645161293 0.025718608169440244 0.09946236559139784
5 0.449697428139183 0.24731182795698925 0.014372163388804822 0.04032258064516128
5 0.5079425113464449 0.23118279569892472 0.009833585476550652 0.037634408602150525
5 0.9417549167927384 0.6848118279569892 0.033282904689863814 0.1814516129032257
0 0.897125567322239 0.9005376344086022 0.06505295007564285 0.1989247311827957
5 0.9111195158850228 0.5053763440860215 0.02193645990922832 0.10215053763440857
5 0.9167927382753405 0.49395161290322576 0.01664145234493205 0.09543010752688169
5 0.8956127080181543 0.49395161290322576 0.019667170953101304 0.11155913978494617
5 0.7965204236006052 0.3272849462365592 0.015128593040847136 0.06317204301075272
5 0.7813918305597579 0.32930107526881724 0.015128593040846888 0.06451612903225787
5 0.8086232980332829 0.44354838709677424 0.028744326777609786 0.1129032258064516
5 0.8044629349470499 0.41868279569892475 0.02042360060514369 0.08467741935483872
5 0.7881996974281392 0.4206989247311828 0.019667170953101304 0.08333333333333329
5 0.7829046898638427 0.3891129032258065 0.019667170953101304 0.06048387096774192
5 0.7738275340393344 0.25 0.010590015128592967 0.04838709677419356
5 0.7579425113464449 0.24932795698924728 0.01059001512859311 0.038978494623655886
3 0.7061270801815431 0.25 0.00983358547655058 0.037634408602150525
0 0.7431921331316187 0.2399193548387097 0.009833585476550723 0.03629032258064516
2 0.7220121028744327 0.24059139784946237 0.017397881996974292 0.02688172043010752
7 0.6607413010590015 0.22513440860215056 0.01588502269288938 0.03629032258064516
