2 0.3003452243958573 0.4652351738241309 0.0828538550057537 0.1288343558282209
2 0.3396749620663206 0.42414624548225655 0.05124309543050739 0.08932935519911225
0 0.2529365588613936 0.5884519054594629 0.03442706362813602 0.053099797101173254
5 0.18872266973532795 0.6421267893660532 0.023014959723820495 0.04089979550102243
1 0.2980437284234753 0.7505112474437629 0.5339470655926353 0.49897750511247435
2 0.37409361108112293 0.37948955606952667 0.054046239966060484 0.10966373542055827
2 0.4085783388206617 0.36407929259539595 0.03589638326104007 0.07167564406572428
2 0.42108157343967556 0.3418598429350215 0.04234966564504731 0.06880861830309534
2 0.4464913728267039 0.318565258613661 0.0391230244530437 0.06809186186243814
5 0.07241553421592033 0.45817592352781106 0.01133324385621103 0.08470757935040148
5 0.7813653059764044 0.31213054494743586 0.011019196748868153 0.058746515182616754
5 0.7794870338033019 0.2625075415924225 0.0057600346641812905 0.03248860309341687
5 0.7682174007646867 0.2500461595839886 0.00676177982316915 0.03426880052319312
5 0.7538173141042338 0.2520488816924869 0.0070122161129161495 0.0409445408848541
5 0.737914609705299 0.25049120894143273 0.008765270141145294 0.04049949152741004
0 0.527494005709642 0.23600622008540312 0.009407824558490176 0.03556503983399754
2 0.6188812122392815 0.30029619287137943 0.038499696040952144 0.05929530554528107
2 0.6436310168370365 0.2895448462615207 0.03226641192003619 0.0456117734963701
2 0.7003120706103768 0.24599933661188267 0.022973907571832798 0.034574082313836525
