2 0.31962761830876646 0.433103448275862 0.05275407292474785 0.08275862068965521
2 0.3599689681923972 0.3903448275862068 0.06516679596586507 0.08827586206896548
2 0.40923196276183094 0.42275862068965525 0.05973622963537629 0.08137931034482754
2 0.6190845616757176 0.46896551724137936 0.09464701318851816 0.09103448275862071
2 0.6799844840961985 0.2655172413793103 0.030256012412723122 0.059310344827586195
7 0.5857253685027153 0.31655172413793103 0.05120248254460826 0.08689655172413793
7 0.44569433669511255 0.36275862068965514 0.05818463925523666 0.08551724137931033
7 0.6508921644685802 0.3117241379310345 0.044996121024049526 0.07172413793103452
7 0.9084561675717611 0.5089655172413793 0.18308766485647796 0.22068965517241382
5 0.9034134988363072 0.6827586206896551 0.025601241272304093 0.1324137931034482
6 0.8669511249030256 0.8724137931034482 0.04887509697439867 0.19172413793103446
6 0.7040341349883632 0.44137931034482764 0.025601241272304093 0.0937931034482758
5 0.417377812257564 0.26137931034482764 0.015515903801396433 0.05655172413793107
