2 0.17721518987341775 0.7065439672801637 0.1518987341772152 0.17791411042944788
5 0.7660318763322002 0.2708265656060241 0.012977153195981117 0.05583346484298289
5 0.7533962271676922 0.24574196545917673 0.01593685480208208 0.04855083899389822
5 0.7731733534786508 0.25974641101062745 0.010141634874052414 0.043769316971771804
0 0.5423426046804031 0.2378668285681826 0.008397066548073795 0.037305985839857565
5 0.5381440714063661 0.23275452680494282 0.003732029576921576 0.027081382313378092
5 0.1377261853649174 0.5427928748058151 0.018484702546226525 0.11254853200402998
5 0.03484820971829593 0.5621792248160785 0.0339391259865143 0.11254853200403005
5 0.10893853385849901 0.5172136629867172 0.030605818969981637 0.12062617784163983
2 0.2631282322178269 0.5040666242960985 0.07440497456509668 0.12592837257195255
2 0.32867547171565015 0.43375661627675827 0.05550847308824672 0.09234747321943182
3 0.41134766567686865 0.5166594615532937 0.037793002953699924 0.11543434152428979
2 0.37587834320682967 0.4789987067422392 0.08106169667625977 0.1049403104766271
2 0.36881322731997734 0.3874880131645665 0.05536622954460739 0.08014640200076456
2 0.42454612063640323 0.3858590212539818 0.052432919370058714 0.09773951463507878
2 0.40673773875055574 0.3434799924138434 0.041817851661955036 0.06300563753335656
2 0.4761311302765537 0.33055575907366774 0.04727235405264494 0.06839073475842973
2 0.4606767068362659 0.3055150569770773 0.03757546091364084 0.05708203058577599
2 0.5084036027548016 0.3076690958671066 0.039090600466610254 0.061390108365834625
2 0.5120603140891394 0.27126009303430815 0.029597016061009854 0.046932477694101526
2 0.5412019914415184 0.28177944148298606 0.03278438702142616 0.04369575509450833
7 0.5698883300852664 0.2538627090614946 0.037793112816366374 0.05502428419308458
2 0.6413765073403209 0.2906804286318674 0.037793112816366305 0.06149772939227098
2 0.6633466000317628 0.2538627090614946 0.022994604785861412 0.03236722599593211
2 0.6024450477523773 0.2362630299262065 0.015936854802082366 0.02791673242149141
2 0.622821454963611 0.2348469637888845 0.013432491904612149 0.02346623884705078
2 0.6397828218601128 0.23707221057610484 0.014570838676189482 0.019824925922508393
2 0.6756407451647979 0.2421295896379692 0.012977153195981401 0.021847877547254164
2 0.6861135354633089 0.2382859815509523 0.017075201573659483 0.02144328722230501
2 0.705920769288754 0.238892867038376 0.017075201573659483 0.017801974297762656
2 0.5882068912398454 0.24056423949432532 0.009106774172618444 0.03317640664583046
