2 0.41028331584470096 0.4207089552238806 0.06086044071353619 0.09514925373134325
2 0.49999999999999994 0.40858208955223846 0.06400839454354659 0.10447761194029838
2 0.666841552990555 0.4832089552238806 0.11227701993704081 0.10074626865671649
2 0.9386149003147954 0.5475746268656717 0.12277019937040919 0.11380597014925364
2 0.4123819517313747 0.3442164179104477 0.04826862539349432 0.06902985074626863
2 0.5346274921301154 0.3395522388059702 0.045120671563483795 0.07089552238805968
2 0.46589716684155297 0.35541044776119407 0.04197271773347325 0.06902985074626862
5 0.43704092339979006 0.38619402985074613 0.04302203567681009 0.07462686567164178
5 0.09233997901364113 0.4944029850746269 0.023084994753410283 0.11194029850746269
5 0.24711437565582373 0.34514925373134325 0.01783840503672611 0.0820895522388059
5 0.2628541448058762 0.34421641791044777 0.013641133263378862 0.08768656716417908
5 0.804302203567681 0.40485074626865675 0.01993704092339982 0.08208955223880593
