2 0.41170758804472485 0.42129446636761797 0.061491714516608766 0.09366573166508871
5 0.5754414786822031 0.5544212238730911 0.032697975179466494 0.13095856927248498
5 0.7525327945437863 0.2914191400227742 0.009106774172618372 0.057378264265515996
5 0.771988175730744 0.2930742822612026 0.006623108489176985 0.05112550469812007
5 0.787925030532826 0.29252256818172645 0.009106774172618372 0.053700170402341846
5 0.7801635752720716 0.29436161511331355 0.008485857751758061 0.054435789174976816
5 0.7648946048716726 0.2536642867532469 0.008879104818302891 0.036817719570372776
2 0.5788773919402828 0.24008470401819695 0.02249352047386898 0.03453462850439455
5 0.48205914149580814 0.23822338079074767 0.004439554342694265 0.03737138576494619
5 0.4861482047061844 0.239261474839774 0.005607858117087403 0.0369561481453357
