1 0.4004602991944762 0.7341513292433536 0.5293440736478708 0.44580777096114477
2 0.840621403912543 0.5460122699386503 0.14614499424626004 0.10633946830265849
6 0.7570344723300205 0.4592636314189585 0.023579290749081848 0.10412177605490947
2 0.3415387883727148 0.4262494097430117 0.07288144413352562 0.09650310951430618
2 0.37726498647738427 0.3837118548913109 0.05716191696747103 0.07237733213572967
5 0.3840529641172715 0.2789551899580179 0.010717859431400783 0.05840977681129065
5 0.771267392487269 0.29958098881586376 0.008469933129009349 0.06307456677783747
5 0.7833672969572825 0.29635558483290614 0.013309894917014873 0.053756733049293286
5 0.7702590671147681 0.2662518143253019 0.01209990447001374 0.03512106559220495
5 0.7805439859142794 0.26481830144398744 0.010083253725011475 0.026519988304318006
5 0.7611841387622579 0.23901506958032662 0.006049952235006657 0.03655457847351937
5 0.7670324259227644 0.2404485824616411 0.006453282384007224 0.02938701406694701
2 0.6442452311235906 0.28093756953976623 0.03182879467506915 0.05425414051641614
2 0.6536639560784578 0.2520789841586938 0.03507663086640278 0.051945453685930405
2 0.6806209964665269 0.2399583782986433 0.025333122292401953 0.02539555513534374
2 0.7088771713311288 0.24168989342150773 0.022085286101068392 0.024241211720100856
5 0.5416136074774492 0.2313008026843216 0.007145239620933807 0.024241211720100856
2 0.628861057049793 0.23288200532692716 0.014762891778788964 0.022037465200091727
