2 0.5362485615650173 0.6114519427402864 0.08285385500575373 0.1554192229038854
2 0.16168009205983885 0.6012269938650308 0.13693901035673178 0.1513292433537835
2 0.3906789413118527 0.36809815950920244 0.054085155350978124 0.10224948875255624
2 0.5989643268124281 0.3865030674846626 0.056386651323360154 0.08997955010224949
2 0.453970080552359 0.3057259713701432 0.051783659378596025 0.07157464212678938
2 0.6714614499424627 0.2770961145194274 0.042577675489067844 0.05112474437627814
5 0.6518987341772151 0.5623721881390593 0.026467203682393504 0.12678936605316976
5 0.3001315742611682 0.3181909120992436 0.01234177752706767 0.06926060491457388
5 0.7783406619013878 0.2834689524573173 0.010999913154557816 0.05799211201681334
5 0.7702740589213788 0.24632793689598742 0.00953325806728344 0.029321854390523646
