5 0.13273871983210914 0.5373134328358209 0.024134312696747103 0.10820895522388056
5 0.14585519412381953 0.5345149253731344 0.014690451206715612 0.11007462686567165
2 0.3058761804826863 0.5867537313432837 0.09548793284365162 0.15485074626865675
2 0.31007345225603355 0.4710820895522388 0.0724029380902413 0.09514925373134332
2 0.5351521511017838 0.6222014925373135 0.09653725078698841 0.18843283582089548
2 0.5634837355718784 0.4701492537313433 0.06295907660020982 0.0970149253731342
2 0.4307450157397693 0.3917910447761193 0.05771248688352601 0.09701492537313432
2 0.39716684155299053 0.36660447761194037 0.04931794333683115 0.08022388059701491
2 0.4979013641133263 0.31623134328358204 0.043022035676810046 0.054104477611940316
2 0.6264428121720882 0.31343283582089554 0.03567681007345222 0.06343283582089555
5 0.6841552990556139 0.5839552238805971 0.025183630640083977 0.14179104477611937
