2 0.3542813911076631 0.5176601502438472 0.08379417373640642 0.12928646250720455
2 0.30686298271419277 0.45763429265121647 0.07729850135373936 0.11312565469380395
2 0.4085202555029339 0.4293528789777655 0.06105932039707142 0.10042787712613205
2 0.3640248996816638 0.3929910613976142 0.07210196344760554 0.09003878638894605
2 0.44164818465453587 0.37740742529183463 0.057161916967471964 0.08426706931273127
2 0.3991015305480666 0.35201187015649127 0.050016677346537294 0.07272363516030246
2 0.4676308741852051 0.35547490040222 0.050666244584803906 0.068106261499331
2 0.4244346528404685 0.3248847998982832 0.0435210049638701 0.07387797857554541
5 0.8713856868231901 0.5626795434383202 0.02858095848373537 0.12466908884623294
5 0.9652481527527306 0.571337119052642 0.018837449909734686 0.12351474543099009
7 0.5816787937727057 0.37235176032819417 0.05807954145606509 0.1390507494875053
2 0.6080969185322352 0.3397393422782896 0.02621645968502946 0.05949078457455123
2 0.6212051483747498 0.293866930076226 0.04436631639004979 0.06379132321849465
2 0.6821080008738182 0.2816820705850529 0.030653091324034137 0.0523232201679788
2 0.651656574624284 0.2619712684669786 0.031863081771035764 0.04873943796469252
2 0.6016273740677535 0.23863472272786623 0.02153752091824259 0.026702961446644018
2 0.6159022425833328 0.23485180318959167 0.014024432225832441 0.02002722108498297
2 0.6246675127244781 0.23596442658320183 0.009516579010386224 0.01869207301265078
5 0.46789439534285215 0.24464288905336112 0.007012216112916292 0.044949985101850665
5 0.4752822658903888 0.24642308648313738 0.00676177982316922 0.04227968895718636
5 0.542774845977207 0.23329413043853742 0.007513088692410221 0.0418346395997423
5 0.5345104484155558 0.22773101347048658 0.008514833851398151 0.03604899795296937
2 0.6676869808074731 0.2474715150969949 0.018038142955121544 0.033437216937946344
5 0.40855521665946914 0.2695944698548255 0.011294676667589982 0.05238230937116668
5 0.7772477914204401 0.27955111187931686 0.00786494133089775 0.04413712635808928
5 0.7671061565463877 0.27624082740246014 0.008692829892044927 0.04707960144862856
