2 0.7633788037775446 0.5102611940298507 0.13955928646379845 0.13246268656716417
5 0.723504721930745 0.5503731343283582 0.015739769150052468 0.1156716417910448
5 0.7119622245540397 0.5391791044776117 0.015739769150051975 0.11194029850746273
2 0.37565582371458545 0.47201492537313405 0.06295907660020972 0.11194029850746273
2 0.316894018887723 0.4393656716417911 0.06505771248688351 0.09141791044776121
2 0.6033578174186779 0.4020522388059702 0.05246589716684156 0.06902985074626862
2 0.657922350472193 0.32555970149253727 0.04407135362014692 0.05410447761194028
2 0.49685204616998946 0.3255597014925373 0.045120671563483726 0.06529850746268653
2 0.3850996852046169 0.3684701492537312 0.05456453305351504 0.06156716417910428
2 0.34994753410283314 0.4001865671641791 0.05351521511017836 0.08022388059701491
