2 0.1668584579976985 0.5828220858895705 0.1334867663981588 0.14314928425357876
2 0.2583429228998849 0.6359918200408998 0.12313003452243962 0.17177914110429449
2 0.5046030095037849 0.8946830265848671 0.1346374792663083 0.21063394683026587
2 0.5431530494821635 0.5408997955010225 0.06904487917146142 0.1370143149284253
2 0.37284234752589185 0.4805725971370143 0.07134637514384344 0.15132924335378328
2 0.35155350978135785 0.4120654396728016 0.06559263521288834 0.11656441717791409
2 0.452819332566168 0.3660531697341513 0.056386651323360154 0.10224948875255628
2 0.43037974683544306 0.32719836400818 0.04602991944764092 0.08997955010224949
2 0.595512082853855 0.4151329243353783 0.05868814729574225 0.10224948875255613
2 0.6185270425776754 0.30879345603271985 0.04487917146144994 0.065439672801636
2 0.5212888377445339 0.3006134969325153 0.03682393555811281 0.0736196319018405
2 0.5443037974683544 0.28118609406952966 0.023014959723820495 0.05112474437627814
7 0.5103567318757192 0.2576687116564417 0.04718066743383197 0.08179959100204495
0 0.28423475258918296 0.3537832310838446 0.02531645569620256 0.0695296523517382
5 0.2583429228998849 0.3476482617586912 0.019562715765247384 0.08179959100204495
5 0.6524741081703107 0.5664621676891615 0.027617951668584554 0.11451942740286306
0 0.6703107019562715 0.6196319018404908 0.07710011507479855 0.12269938650306741
0 0.7479861910241656 0.37934560327198363 0.025316455696202524 0.07975460122699389
5 0.3739808735797114 0.28070938140630675 0.01886343259926548 0.07682155428441494
0 0.4237560300167475 0.26335959987520596 0.01771547013454679 0.07765582975270405
5 0.782998330079661 0.27993720823209833 0.009771682905867322 0.0469724672487041
0 0.7500641395450717 0.2873369804699079 0.011943167996059855 0.045042091882319044
2 0.5703737483316251 0.26224210070690157 0.027505477809107573 0.03989442423862549
2 0.5490208116113969 0.2503381192808601 0.026057821082312388 0.036677131961316965
2 0.5834026588727814 0.251946765419514 0.023162507628722316 0.03217292277308501
