2 0.08656873032528856 0.6455223880597016 0.1563483735571878 0.1529850746268658
2 0.24186778593913957 0.5419776119402985 0.08709338929695697 0.1175373134328359
2 0.3373557187827912 0.4244402985074627 0.07030430220356763 0.11753731343283576
2 0.5225603357817419 0.6977611940298507 0.09024134312696752 0.1455223880597015
2 0.5592864637985309 0.4841417910447761 0.06505771248688347 0.12126865671641796
2 0.5419727177334731 0.9356343283582089 0.1626442812172087 0.12873134328358204
2 0.636411332633788 0.29197761194029853 0.034627492130115345 0.046641791044776115
5 0.3578174186778594 0.28917910447761197 0.012591815320041989 0.059701492537313425
2 0.6753667327275356 0.24207507280335905 0.018557719234993334 0.03112210229754916
2 0.6359405564115128 0.2326581322468787 0.014154679163894086 0.02046900407548892
2 0.7249263060885268 0.23987261728987883 0.013211033886301304 0.019462331743907428
