2 0.21231300345224377 0.5552147239263804 0.09781357882623677 0.14110429447852763
2 0.21173762945914845 0.6492842535787321 0.14729574223245112 0.1451942740286299
2 0.5253164732552232 0.8885480572597138 0.13924054144715547 0.22290388548057266
2 0.3970080552359033 0.43558282208588955 0.07594936708860764 0.12678936605316976
2 0.36306098964326805 0.39263803680981596 0.06098964326812428 0.11860940695296528
2 0.4309551208285385 0.32924335378323105 0.04487917146144994 0.08997955010224952
0 0.6427001283435022 0.5931689122066982 0.0781717499850784 0.12616798371316168
0 0.9024818999146299 0.5809934805284775 0.07501942002274319 0.1261491390240927
5 0.779304462925413 0.34686677834468144 0.013957643136309627 0.08013623709124254
5 0.7733993062138974 0.29058061181630873 0.00966298370975295 0.06105618064094664
5 0.7857464520652485 0.2834255906474478 0.011810313423031148 0.05437816088334309
0 0.7248159714509735 0.32730972048312823 0.020936464704464582 0.07155021168860941
0 0.7508523442244743 0.2843795934699626 0.016104972849587965 0.048654143948254396
2 0.6735484745464518 0.31490768379043593 0.038651934839011234 0.063918189108491
2 0.6284545505676052 0.29868963580768443 0.039725599695650544 0.048654143948254465
2 0.647512101772951 0.287241601937507 0.02737845384429953 0.048654143948254396
5 0.40072591884183667 0.2728042278181024 0.014172376107637418 0.05456896144784608
5 0.03748953734959195 0.4938886263816869 0.02262682135892531 0.09540028225147928
5 0.009538758023860675 0.5116283482879536 0.01907751604772135 0.10880362769176954
0 0.09782772764005948 0.5514441685664636 0.05723254814316405 0.09540028225147915
0 0.09583124340250723 0.5790392915317675 0.042591663734447664 0.10486146726815485
0 0.06654947458507447 0.5837698840401052 0.040817011078845666 0.1222069731320601
0 0.035714884693989965 0.605845985419978 0.07142976938797993 0.12536069545569248
0 0.03549305311203974 0.575097131108154 0.05146492701245765 0.10170773892926337
0 0.6517786837010127 0.5603652777290169 0.0565033942982916 0.11953805055315833
