2 0.5281280310378274 0.8155172413793104 0.12706110572259946 0.24137931034482762
2 0.07807953443258972 0.6413793103448262 0.15615906886517944 0.16896551724137918
2 0.1396702230843841 0.7318965517241377 0.16294859359844804 0.20517241379310375
2 0.3113482056256062 0.5896551724137932 0.11639185257032011 0.15862068965517245
2 0.38700290979631424 0.46034482758620693 0.07759456838021336 0.1448275862068965
2 0.2725509214354995 0.49913793103448273 0.08341416100872938 0.11896551724137928
2 0.3307468477206596 0.41982758620689653 0.06401551891367607 0.11206896551724135
2 0.3826382153249272 0.3698275862068965 0.05528612997090224 0.08793103448275862
2 0.4190106692531523 0.3396551724137931 0.044616876818622725 0.07586206896551718
0 0.01697381183317168 0.6068965517241379 0.03394762366634336 0.1310344827586207
0 0.3855480116391853 0.3137931034482759 0.01842870999030069 0.0724137931034483
7 0.4408341416100873 0.3017241379310345 0.06498545101842872 0.09655172413793103
2 0.5135790494665374 0.2931034482758621 0.04946653734238629 0.05517241379310358
2 0.5436469447138701 0.2827586206896552 0.030067895247332645 0.055172413793103454
2 0.5543161978661494 0.27068965517241383 0.032007759456838016 0.062068965517241385
2 0.5649854510184287 0.2646551724137931 0.02812803103782734 0.046551724137931065
2 0.5766246362754608 0.25775862068965516 0.022308438409311435 0.046551724137931065
2 0.4961202715809893 0.2810344827586207 0.03976721629485937 0.05172413793103448
0 0.6595538312318138 0.5879310344827586 0.07759456838021336 0.14137931034482754
5 0.903976721629486 0.5448275862068965 0.0310378273520854 0.12068965517241381
5 0.8448108632395733 0.5603448275862069 0.02327837051406405 0.12068965517241381
0 0.7478176527643055 0.4249999999999997 0.023278370514063975 0.09827586206896502
6 0.7410281280310378 0.46551724137931033 0.02521823472356928 0.11379310344827587
2 0.6658583899127061 0.24827586206896549 0.024248302618816667 0.03793103448275861
2 0.6741028128031039 0.24051724137931035 0.02521823472356928 0.03620689655172413
2 0.7070805043646945 0.2439655172413793 0.02327837051406391 0.02586206896551726
7 0.6847720659553832 0.23362068965517238 0.021338506304558677 0.03620689655172416
7 0.5387972841901068 0.24741379310344824 0.035887487875848695 0.056896551724137934
