2 0.2974816369359916 0.45242537313432835 0.07450157397691505 0.12126865671641789
2 0.43231899265477436 0.39179104477611937 0.05246589716684156 0.07835820895522388
2 0.5461699895068206 0.46828358208955223 0.05981112277019939 0.08955223880597017
2 0.5792235047219307 0.3805970149253731 0.048268625393494344 0.06343283582089555
2 0.5041972717733474 0.7276119402985074 0.09548793284365167 0.14925373134328354
2 0.646379853095488 0.2658582089552239 0.027282266526757512 0.03917910447761194
2 0.6925498426023086 0.25279850746268656 0.02308499475341037 0.03917910447761194
7 0.8945435466946485 0.49813432835820914 0.21091290661070283 0.19402985074626858
0 0.6374606505771249 0.5774253731343284 0.06610703043022027 0.125
0 0.428511963091759 0.28378954214651764 0.009460417220166733 0.051863148569698474
5 0.7927380260681796 0.34196037094766596 0.0173440982369722 0.06728192246879808
