5 0.8039944958712081 0.3822350320274444 0.014695021960361458 0.07576873358138649
2 0.647969669227678 0.34714396591656105 0.044242074946706324 0.06354414725586384
2 0.6659998299080137 0.2838690735219509 0.03484820971829606 0.047927365303151497
2 0.6644798105546599 0.25057574986988423 0.02346654961246216 0.037180376459925314
2 0.6780508271980114 0.24354162459368214 0.014984664210367385 0.02562431350616471
2 0.6856138416815457 0.2393965150559202 0.015408758480472073 0.025875532266029105
2 0.6526813506909229 0.22297099053389183 0.015993301749433187 0.020731074501526763
2 0.7117513951174432 0.23000864163609566 0.01183880642440414 0.019420335597559273
5 0.4007661285382493 0.2768687688012378 0.012107875480075095 0.02906663337273592
5 0.4893722755977868 0.23809748132105565 0.008552567780445558 0.03868768901911153
