5 0.13579049466537343 0.5413793103448277 0.023278370514064017 0.12758620689655176
5 0.9364694471387003 0.6629310344827586 0.04170708050436474 0.13965517241379302
5 0.882153249272551 0.5775862068965517 0.033947623666343386 0.11724137931034484
5 0.8050436469447139 0.403448275862069 0.0155189136760427 0.0758620689655173
5 0.7909796314258003 0.39741379310344827 0.01842870999030069 0.08448275862068969
5 0.7841901066925315 0.28448275862068967 0.01260911736178457 0.05862068965517242
5 0.7725509214354994 0.28706896551724137 0.014548981571289943 0.056896551724137934
0 0.40349175557710965 0.6025862068965517 0.08535402521823471 0.15
0 0.8234723569350143 0.5956896551724133 0.06789524733268709 0.12931034482758624
0 0.7109602327837051 0.43103448275862066 0.019398642095053445 0.11034482758620691
0 0.5135790494665373 0.23706896551724135 0.01842870999030069 0.03620689655172416
0 0.3433559650824442 0.33879310344827585 0.019398642095053358 0.07758620689655167
7 0.32686711930164836 0.4344827586206897 0.07565470417070796 0.12068965517241391
2 0.537827352085354 0.75 0.11542192046556736 0.1965517241379311
2 0.6076624636275462 0.403448275862069 0.05916585838991274 0.08620689655172413
2 0.6774975751697382 0.278448275862069 0.032007759456838016 0.043103448275862065
2 0.6600387972841901 0.2508620689655172 0.030067895247332787 0.043103448275862065
2 0.5543161978661487 0.2706896551724139 0.03782735208535398 0.05517241379310368
2 0.556741028128031 0.2508620689655172 0.034917555771096 0.0568965517241379
2 0.6110572259941804 0.24224137931034484 0.02327837051406405 0.029310344827586193
2 0.6028128031037827 0.23879310344827587 0.024248302618816667 0.022413793103448255
2 0.6309408341416101 0.2353448275862069 0.022308438409311293 0.022413793103448255
2 0.6745877788554802 0.24137931034482762 0.018428709990300548 0.02758620689655171
2 0.6935014548981572 0.23965517241379308 0.021338506304558677 0.02758620689655171
2 0.7056256062075654 0.23620689655172414 0.018428709990300548 0.020689655172413772
