1 0.9204655674102814 0.5784482758620689 0.15906886517943739 0.236206896551724
1 0.33171677982541214 0.6931034482758622 0.5063045586808923 0.4344827586206899
1 0.15276430649854514 0.8698275862068965 0.3035887487875849 0.260344827586207
5 0.9645974781765281 0.6612068965517239 0.030067895247332773 0.14655172413793122
5 0.9903006789524733 0.6594827586206901 0.01939864209505331 0.15344827586206888
5 0.7618816682832201 0.3422413793103448 0.01842870999030069 0.08448275862068969
5 0.774005819592628 0.31637931034482747 0.011639185257031443 0.0775862068965515
5 0.7953443258971872 0.33534482758620693 0.011639185257031955 0.07413793103448281
5 0.7841901066925315 0.33017241379310347 0.01260911736178457 0.08103448275862067
2 0.2987390882638215 0.4482758620689655 0.07371483996120269 0.0896551724137931
2 0.414161008729389 0.4258620689655173 0.0640155189136761 0.08275862068965516
2 0.3452958292919493 0.4103448275862067 0.06013579049466498 0.08620689655172406
2 0.3782735208535402 0.3706896551724138 0.05819592628515999 0.08275862068965516
2 0.4287099903006789 0.39827586206896554 0.05431619786614938 0.09310344827586213
2 0.45150339476236667 0.3551724137931035 0.04752667313288064 0.06551724137931039
2 0.4093113482056255 0.34224137931034476 0.05819592628515999 0.08448275862068966
2 0.4864209505334627 0.33448275862068966 0.04946653734238602 0.0758620689655173
2 0.4408341416100873 0.3086206896551724 0.037827352085353996 0.058620689655172455
2 0.4616876818622696 0.3008620689655172 0.03685741998060138 0.046551724137930996
2 0.4801163918525703 0.2853448275862069 0.03685741998060138 0.043103448275862065
2 0.5106692531522793 0.3025862068965517 0.04752667313288064 0.05344827586206897
2 0.5218234723569349 0.2939655172413793 0.034917555771096 0.039655172413793134
2 0.5354025218234724 0.2775862068965517 0.031037827352085257 0.04137931034482758
2 0.5601357904946653 0.2646551724137931 0.037827352085354066 0.053448275862069
2 0.588748787584869 0.2525862068965517 0.034917555771096 0.03620689655172413
2 0.6197866149369544 0.32241379310344825 0.05237633365664408 0.06206896551724135
2 0.6382153249272551 0.28879310344827586 0.03879728419010668 0.039655172413793134
2 0.6886517943743938 0.2663793103448276 0.03685741998060138 0.032758620689655196
2 0.6658583899127061 0.2508620689655172 0.02812803103782727 0.03275862068965516
7 0.5072744907856448 0.264655172413793 0.038797284190106716 0.05344827586206897
