2 0.612027158098933 0.4387931034482759 0.07565470417070806 0.09827586206896548
2 0.6173617846750727 0.31293103448275855 0.04752667313288072 0.07758620689655171
2 0.6479146459747818 0.2663793103448276 0.0329776915615907 0.05000000000000004
2 0.6789524733268673 0.24051724137931033 0.02327837051406405 0.046551724137931065
2 0.7085354025218236 0.24310344827586206 0.016488845780795316 0.027586206896551745
2 0.508729388942774 0.3086206896551724 0.03782735208535392 0.04827586206896548
2 0.47284190106692525 0.28706896551724137 0.03976721629485929 0.04310344827586213
2 0.49078564500484967 0.3198275862068966 0.03879728419010675 0.07413793103448274
2 0.4345295829291949 0.31724137931034485 0.03879728419010668 0.05172413793103445
2 0.46993210475266733 0.3439655172413793 0.04946653734238602 0.0741379310344827
2 0.4117361784675073 0.33534482758620693 0.04364694471387004 0.053448275862068934
2 0.43840931134820565 0.3706896551724138 0.05237633365664401 0.08275862068965516
2 0.38312318137730356 0.3612068965517241 0.056256062075654756 0.08103448275862078
2 0.4073714839961202 0.42327586206896556 0.06207565470417066 0.09482758620689659
2 0.35935984481086325 0.3913793103448276 0.05916585838991274 0.0758620689655173
2 0.3239573229873909 0.42844827586206896 0.06595538312318133 0.08793103448275857
2 0.7293889427740058 0.23879310344827587 0.011639185257032097 0.022413793103448255
0 0.9020368574199806 0.7672413793103448 0.03879728419010661 0.1758620689655173
0 0.2793404461687682 0.5672413793103448 0.069835111542192 0.13448275862068967
0 0.42628516003879724 0.27155172413793105 0.01648884578079539 0.05344827586206897
0 0.5281280310378275 0.24051724137931033 0.014548981571290014 0.05
5 0.802133850630456 0.41379310344827586 0.019398642095053306 0.08965517241379302
5 0.7812803103782735 0.28448275862068967 0.008729388942773966 0.05172413793103448
5 0.4161008729388943 0.26120689655172413 0.009699321047526582 0.0431034482758621
0 0.5780795344325897 0.27327586206896554 0.013579049466537327 0.060344827586206906
3 0.35984481086323955 0.47844827586206895 0.04073714839961205 0.10517241379310334
3 0.2740058195926285 0.47758620689655173 0.04558680892337534 0.11724137931034484
