2 0.612027158098933 0.4439655172413793 0.07953443258971873 0.08793103448275857
2 0.9650824442289034 0.5612068965517241 0.06983511154219198 0.09827586206896546
2 0.5969932104752668 0.3655172413793103 0.05140640155189139 0.0793103448275862
2 0.6168768186226964 0.3129310344827586 0.04267701260911742 0.06724137931034484
2 0.6736178467507276 0.2991379310344828 0.03588748787584862 0.05689655172413797
2 0.6687681862269642 0.25 0.024248302618816667 0.027586206896551745
2 0.7148399612027159 0.24051724137931035 0.01357904946653747 0.03275862068965516
2 0.6857419980601358 0.24051724137931035 0.021338506304558677 0.029310344827586193
2 0.6348205625606207 0.23362068965517238 0.014548981571289943 0.029310344827586227
2 0.3768186226964112 0.3706896551724138 0.061105722599418044 0.08275862068965516
2 0.2924345295829292 0.4706896551724138 0.08050436469447146 0.11724137931034484
2 0.3419010669253153 0.41120689655172415 0.06304558680892335 0.07413793103448278
5 0.0649854510184287 0.6560344827586211 0.031037827352085382 0.17758620689655197
5 0.10281280310378273 0.44310344827586207 0.02909796314258003 0.11034482758620684
5 0.7550921435499515 0.30344827586206896 0.01842870999030069 0.06896551724137936
5 0.7725509214354994 0.25258620689655176 0.014548981571289943 0.04999999999999996
0 0.7405431619786614 0.55 0.03588748787584862 0.12758620689655176
0 0.5019398642095054 0.34224137931034515 0.020368574199805933 0.09482758620689667
0 0.5649854510184287 0.29224137931034483 0.016488845780795316 0.056896551724137864
0 0.612027158098933 0.25 0.013579049466537327 0.04137931034482758
6 0.457807953443259 0.2543103448275862 0.013579049466537327 0.07068965517241384
5 0.5111542192046556 0.2353448275862069 0.009699321047526722 0.043103448275862065
5 0.5266731328806984 0.23275862068965517 0.00775945683802135 0.03793103448275861
0 0.2250242483026188 0.5603448275862069 0.06207565470417073 0.13448275862068967
5 0.988360814742968 0.7793103448275862 0.02327837051406405 0.17241379310344826
