2 0.531179564237416 0.7957276368491324 0.11720510894064586 0.20827770360480632
2 0.5529676934635608 0.5707610146862488 0.07963936889556716 0.13484646194926564
2 0.056348610067618335 0.8044058744993324 0.11269722013523667 0.21228304405874496
5 0.9237415477084897 0.5393858477970626 0.023290758827948496 0.11481975967957277
2 0.2546957175056349 0.6401869158878505 0.11570247933884299 0.15887850467289724
2 0.279489105935387 0.4939919893190921 0.08264462809917361 0.10947930574098796
0 0.024417731029301278 0.597463284379172 0.0473328324567994 0.13484646194926564
0 0.23215627347858753 0.4225634178905207 0.030052592036063076 0.08945260347129512
5 0.13936889556724266 0.4125500667556743 0.024793388429752063 0.09345794392523367
5 0.2163786626596544 0.37917222963951935 0.01803155522163788 0.06675567423230973
5 0.27197595792637125 0.3251001335113484 0.013523666416228384 0.06542056074766354
5 0.29526671675432004 0.32376502002670227 0.013523666416228437 0.07343124165554073
5 0.2843726521412472 0.3264352469959947 0.009767092411720454 0.07610146862483308
2 0.44778362133734034 0.3865153538050734 0.06010518407212615 0.08678237650200266
2 0.36626596543951917 0.3851802403204272 0.06836964688204349 0.10814419225634171
2 0.4087152516904583 0.3457943925233644 0.04658151765589778 0.06408544726301735
7 0.4398948159278738 0.2937249666221629 0.05935386927122465 0.10146862483311087
7 0.5702479338842976 0.23965287049399173 0.04207362885048867 0.08678237650200261
2 0.5138993238166794 0.27102803738317754 0.03305785123966966 0.0534045393858478
3 0.6262208865514652 0.4025367156208275 0.026296018031555193 0.08678237650200268
2 0.6326070623591284 0.30106809078771696 0.03606311044327576 0.05473965287049404
2 0.6480090157776108 0.2623497997329773 0.026296018031555304 0.03604806408544725
5 0.7873779113448536 0.30173564753004006 0.01202103681442525 0.06408544726301733
5 0.770473328324568 0.2890520694259011 0.01427498121712998 0.05473965287049401
