2 0.7032007759456823 0.5089982901111433 0.14548981571289982 0.10958962667426646
2 0.9660523763336567 0.5629310344827586 0.06789524733268663 0.09827586206896548
2 0.6847720659553833 0.23706896551724102 0.019398642095053372 0.022413793103448237
2 0.7162948593598446 0.23965517241379317 0.01648884578079528 0.024137931034482748
2 0.6867119301648884 0.2637931034482759 0.025218234723569176 0.02758620689655171
2 0.6373656323396206 0.27618979766315194 0.03286546801228049 0.04417212881162719
2 0.578448268951752 0.4315047021943573 0.05771496821668741 0.08121972071815328
2 0.6205320999430864 0.3859076660017097 0.05210379075117588 0.0726702764320318
2 0.6213336967238741 0.3146622969506982 0.040881435820153626 0.0498717583357082
2 0.6301512613125346 0.2370048446850955 0.018436725958108652 0.017098888572242784
2 0.6117145353544261 0.2370048446850955 0.016833532396533856 0.019948703334283273
2 0.5580075510416751 0.24412938159019668 0.024849500204407206 0.03134796238244508
2 0.5816546560749013 0.24982901111427766 0.02885748410834374 0.0341977771444856
2 0.3155245248535083 0.4436164149330294 0.06893732314771021 0.0883442576232546
2 0.40049378361696514 0.4393416927899686 0.06893732314771014 0.09119407238529498
2 0.5475867928914399 0.2783271587346823 0.03126227445070583 0.045597036192647454
2 0.4930782117979015 0.28260188087774296 0.03607185513542987 0.048446850954687905
2 0.5343604460084489 0.28687660302080364 0.03527025835464251 0.059846110002849784
2 0.5195309055638834 0.2997007694499858 0.0360718551354298 0.05699629524080928
2 0.49548300214026353 0.3146622969506982 0.04408782294330301 0.0641208321459105
2 0.4766454777917613 0.3367483613565118 0.04328622616251578 0.06839555428897119
2 0.4598119453952274 0.361684240524366 0.051302193970389015 0.07552009119407223
2 0.4329584532388517 0.393032202906811 0.05531017787432566 0.08406953548019387
2 0.35480276711208747 0.4030065545739527 0.06092135533983701 0.0783699059561129
2 0.3992913884457841 0.35598461100028495 0.050500597189601704 0.07267027643203189
2 0.4197321063558612 0.3324736392134511 0.048095806847239714 0.06269592476489008
1 0.36161633974877966 0.6936876603020806 0.5026011815536547 0.41464804787688825
5 0.7936770045931496 0.34814762040467373 0.01523033883495927 0.07409518381305208
5 0.38606504156279314 0.28046451980621234 0.011222354931022561 0.05272157309774858
5 0.5255428814197883 0.2327301225420348 0.009619161369447937 0.022798518096323727
5 0.7736370850734664 0.27476489028213164 0.01042075815023523 0.049871758335708165
5 0.7832562464429144 0.2804645198062126 0.008817564588660502 0.04417212881162722
5 0.8537967631521998 0.5839697919635227 0.024849500204406308 0.11541749786263888
5 0.7724346899022855 0.5782701624394414 0.019238322738895874 0.12681675691080074
5 0.9447779977715604 0.5162866913650614 0.024047903423619774 0.1253918495297805
5 0.8449791985635386 0.47567683100598457 0.018436725958108583 0.10971786833855796
5 0.8598087390081042 0.48636363636363633 0.019238322738895874 0.09404388714733543
5 0.8718326907199144 0.51129951553149 0.019238322738895152 0.09831860929039614
0 0.851792771200231 0.8197919635223709 0.048095806847239686 0.19948703334283266
