2 0.1588032220943614 0.6002044989775048 0.13348676639815896 0.18200408997955012
2 0.5143843498273878 0.6584867075664623 0.08515535097813576 0.16768916155419228
2 0.38204833141542005 0.46216768916155415 0.06904487917146142 0.11451942740286306
2 0.383199079401611 0.3711656441717791 0.062140391254315336 0.0920245398773006
2 0.594361334867664 0.37014314928425357 0.07019562715765247 0.07770961145194277
4 0.5701956271576525 0.40593047034764823 0.037974683544303785 0.0920245398773006
0 0.7456846950517837 0.3588957055214723 0.027617951668584623 0.07975460122699381
0 0.026467203682393557 0.609406960766252 0.05293440736478711 0.13087936120530572
0 0.25489067894131184 0.3813905930470348 0.028768699654775565 0.11247443762781181
0 0.6484464902186421 0.5664621676891616 0.07710011507479862 0.1554192229038854
2 0.4833141542002302 0.28629856850715746 0.04372842347525887 0.07770961145194274
