2 0.06229940330648966 0.7828969722865449 0.1234177752706762 0.3169197376394136
2 0.09448250738424974 0.6344064329621177 0.13699963570716212 0.14376822535297912
7 0.5443037974683544 0.5531697341513293 0.0966628308400459 0.22290388548057266
5 0.8722893799438487 0.6551564485715343 0.022626821358925325 0.13876404691124244
5 0.9389963149636819 0.6102158197423252 0.016415537064318215 0.1214185410473371
5 0.7803335672356954 0.3209083150210772 0.015052519293584225 0.05918387398016506
5 0.765375126187696 0.25152608987483843 0.0062091642086035395 0.034105961276705336
5 0.7717724468874693 0.24935267077387194 0.005456538243924313 0.03243410042980795
3 0.6348377727139368 0.38589034844203446 0.017569061290459587 0.07718750109437864
5 0.5138675209818747 0.24678055237638916 0.009065721847272244 0.03647696393230511
2 0.5952033772392834 0.4375756937968246 0.059999526297587875 0.09300062907701431
2 0.6700373546920622 0.2957677170240816 0.03733303858516564 0.05212774113870864
2 0.6590648709800022 0.25614934504353065 0.026341908763772324 0.03778405513987945
2 0.5823911008283079 0.25063220424876953 0.026153752272602374 0.04146214900305349
2 0.6138132348536647 0.24043385308269585 0.023143248413885688 0.030427867413531155
2 0.7016823162299621 0.24294164435304183 0.019003805608149946 0.02942475090539279
