4 0.5025574255703905 0.6547268317587894 0.044897026680198945 0.15955341201942178
4 0.5801326678722556 0.5673763878367649 0.04546534347361942 0.14036660930822487
4 0.5386455419525773 0.5199142969195955 0.03978217553941771 0.12420930176195455
2 0.6040019731959069 0.42700977852854016 0.06251484727622823 0.0999733404425485
2 0.6255980113458763 0.3083545512356164 0.043192076299939305 0.06260956674179817
2 0.6636752365050336 0.24978431138038587 0.026142572497331713 0.040393268865676187
1 0.6398059311813831 0.22352868661769634 0.034099007605215476 0.06664889362836578
0 0.7802571860816944 0.5900537634408601 0.035552193645990826 0.1344086021505376
0 0.8468229954614219 0.5114247311827959 0.04009077155824493 0.12500000000000003
0 0.04311649016641453 0.6075268817204301 0.07110438729198185 0.14784946236559138
0 0.27420574886535554 0.38844086021505375 0.02950075642965203 0.08602150537634408
5 0.9489409984871406 0.6801075268817204 0.043116490166414535 0.16397849462365585
5 0.852874432677761 0.6364247311827959 0.03706505295007489 0.14650537634408595
5 0.7953857791225416 0.4536290322580648 0.021936459909228403 0.09543010752688177
5 0.7787443267776097 0.3696236559139785 0.02344931921331309 0.07795698924731184
5 0.8199697428139183 0.45631720430107525 0.018154311649016534 0.09811827956989248
5 0.6614977307110439 0.5759408602150538 0.021936459909228462 0.1330645161290323
5 0.4527231467473525 0.24731182795698925 0.015885022692889522 0.05376344086021504
5 0.7950075642965204 0.33602150537634407 0.015128593040847136 0.07258064516129036
5 0.777231467473525 0.3266129032258065 0.01437216338880475 0.0672043010752688
5 0.4633131618759455 0.2486559139784946 0.011346444780635423 0.048387096774193526
5 0.4803328290468986 0.239247311827957 0.016641452344931907 0.04032258064516128
2 0.68267776096823 0.23655913978494625 0.01739788199697415 0.03763440860215056
2 0.6713313161875945 0.2426075268817204 0.02193645990922832 0.038978494623655886
2 0.693267776096823 0.23588709677419353 0.01437216338880475 0.03629032258064516
2 0.7027231467473524 0.23655913978494625 0.013615733736762508 0.02956989247311828
2 0.7261724659606656 0.23521505376344087 0.016641452344931907 0.021505376344086037
5 0.7696671709531014 0.25268817204301075 0.009833585476550723 0.05376344086021504
0 0.7447049924357034 0.2594086021505377 0.011346444780635352 0.04569892473118284
0 0.732980332829047 0.2479838709677419 0.012102874432677737 0.04704301075268816
5 0.5128593040847201 0.23051075268817203 0.009077155824508267 0.04704301075268816
5 0.9054462934947051 0.8326612903225806 0.05446293494704989 0.18413978494623648
