2 0.5167890870933892 0.8824626865671641 0.12067156348373559 0.21268656716417908
2 0.5362014690451207 0.6380597014925373 0.08814270724029384 0.14552238805970133
0 0.6783840503672613 0.5895522388059701 0.07869884575026226 0.12313432835820906
0 0.05823714585519412 0.542910447761194 0.02623294858342078 0.11940298507462693
0 0.2497376705141658 0.3805970149253731 0.020986358866736624 0.08208955223880601
2 0.5876180482686253 0.4104477611940298 0.05036726128016788 0.07835820895522388
2 0.5682056663168941 0.25932835820895517 0.028331584470094456 0.037313432835820885
2 0.6395592864637986 0.27332089552238803 0.030430220356768133 0.042910447761194064
7 0.7054795670260928 0.2259546331243886 0.026700794441079836 0.05898236890526416
2 0.6670466053305992 0.24969144012284858 0.02184610454270157 0.031649075997946634
2 0.6203202150587095 0.23530549648741825 0.018205087118918117 0.023017509816688424
2 0.580875859634387 0.23998092816893313 0.023464334508827706 0.02661399572554597
5 0.5440215342274247 0.22927472309372252 0.004895145647531293 0.02785118687819306
