2 0.40307952513535134 0.4350129317980502 0.06755499277973848 0.09234747321943182
3 0.19194711890781485 0.5781515152881695 0.06300802211187158 0.12466908884623287
0 0.08314460649813978 0.516971314280296 0.029880092960268972 0.11543434152428986
5 0.9316200568276625 0.6341694990545771 0.037726865198530815 0.13967555324439077
2 0.3421377881006169 0.4218201707980597 0.05659029779779644 0.09218586514129783
0 0.31103586175532977 0.3350350334705056 0.018333188590929587 0.07404508684475662
2 0.38453528146987503 0.35991418265034375 0.053999573667829745 0.07759925101330481
2 0.6113673919344272 0.24006824620054337 0.023541011236218667 0.031153455021084644
2 0.6629572676223106 0.25519992435364164 0.024542756395206738 0.03293365245086093
2 0.5950890331008718 0.23183483308782812 0.020034903179760376 0.02714801080408808
2 0.6417954011386875 0.23806552409204493 0.014775741095073298 0.022697517229647364
2 0.6733503736468113 0.24563136316859416 0.01978446689001345 0.030708405663640546
2 0.6816147712084626 0.24474126445370603 0.017280103992543587 0.02803810951897617
2 0.6286969640553588 0.23600923972827823 0.01357101664335154 0.03089990746331637
5 0.6844148869381229 0.5577040408567644 0.022864766786988327 0.12443822016318436
