2 0.5149597238204833 0.8251533742331287 0.12082853855005751 0.21472392638036794
2 0.15765247410817032 0.7147239263803681 0.1703107019562716 0.20245398773006124
2 0.05235903337169159 0.6676891615541922 0.1001150747986191 0.17791411042944788
2 0.3227848101265823 0.5644171779141104 0.09090909090909094 0.1635991820040899
2 0.27387802071346373 0.4918200408997955 0.08745684695051786 0.1288343558282209
2 0.5443037974683544 0.5664621676891616 0.08515535097813576 0.1308793456032719
2 0.40563866513233604 0.4355828220858896 0.06559263521288841 0.11042944785276071
2 0.34234752589182976 0.4079754601226993 0.06789413118527043 0.11656441717791409
2 0.4487917146144994 0.36196319018404904 0.05523590333716911 0.08997955010224952
2 0.4907940161104718 0.3220858895705521 0.040276179516685884 0.07975460122699389
2 0.5172612197928653 0.3006134969325154 0.03337169159953973 0.07770961145194268
2 0.5373993095512083 0.28118609406952966 0.03222094361334875 0.06339468302658488
2 0.6214039125431531 0.3793456032719837 0.05293440736478715 0.08793456032719839
0 0.644994246260069 0.600204498977505 0.07710011507479862 0.12474437627811852
0 0.8245109321058688 0.5807770961145193 0.0471806674338319 0.1267893660531697
5 0.9194476409666283 0.6359918200408998 0.027617951668584623 0.1022494887525562
5 0.9499424626006905 0.6339468302658487 0.019562715765247277 0.09815950920245399
5 0.9729574223245109 0.6298568507157465 0.01956271576524742 0.10633946830265856
5 0.974108170310702 0.8016359918200409 0.03567318757192183 0.17995910020449912
0 0.032064746845535876 0.5824211175733083 0.05606289071106272 0.12614913355567495
0 0.2897394666288692 0.3597062873309288 0.02072119490070829 0.0926937762440047
5 0.3293955465250522 0.30828028818185765 0.010003335469307402 0.07110755437896256
0 0.38941555934089694 0.2873289551951991 0.01571952716605459 0.06475866559512652
5 0.4166892167192421 0.2627896279860307 0.012503234619013951 0.04730592508337803
5 0.40317765672772693 0.2617144933250449 0.012099904470013528 0.053756733049293286
0 0.4525855999802822 0.26207287154537345 0.010083253725011404 0.04587241220206355
5 0.47228771715731954 0.23904431102693166 0.0084847814966286 0.046850345858136855
0 0.5372872039797063 0.2363517624143951 0.009999921049598015 0.03823419029801972
6 0.3568340832210521 0.297472615918976 0.013333228066130702 0.042003758355571
0 0.7565278972943769 0.3321257165623219 0.020666503502502563 0.06042079086532141
