2 0.18527042577675487 0.5664621676891612 0.11967779056386654 0.1595092024539871
2 0.527042577675489 0.9171779141104295 0.13118527042577668 0.16155419222903888
2 0.5431530494821635 0.5224948875255624 0.08285385500575373 0.11656441717791409
2 0.4535749151350837 0.3139419244251329 0.04727235405264494 0.06892924448093699
2 0.5934506032264265 0.3708822918770503 0.05124309543050737 0.07892205168076896
0 0.6595284103085675 0.5936211012886605 0.0744984547311812 0.12570799791995163
5 0.8386004690940527 0.5821160713455013 0.025288800342328416 0.11589951645427632
5 0.9298467382671944 0.6256917518976688 0.027281824007202006 0.13159514933769031
5 0.9881121075806714 0.7914448418498219 0.02377578483865733 0.1811759484666669
2 0.6163137572162085 0.2910828218437872 0.040155065638306196 0.07765582975270398
2 0.6750700664957889 0.2916075233961703 0.03720248728254845 0.06611239560027507
2 0.6296003598171187 0.23284094952925913 0.017124954463395382 0.02413627140962422
5 0.7668952533598565 0.24858199610075318 0.01299134476533439 0.04302552729541713
1 0.6890079836861464 0.24332490177074007 0.04533297542484419 0.09300062907701427
