2 0.53125 0.2505910165484634 0.03590425531914889 0.05200945626477545
2 0.48936170212765956 0.2836879432624113 0.02925531914893618 0.04728132387706857
2 0.5039893617021276 0.30378250591016537 0.04521276595744687 0.06382978723404255
2 0.6861702127659575 0.264775413711584 0.026595744680851113 0.037825059101654866
2 0.6336436170212765 0.29550827423167847 0.035904255319148815 0.052009456264775406
2 0.6668882978723404 0.3156028368794327 0.04122340425531905 0.059101654846335665
2 0.591090425531915 0.37825059101654845 0.049202127659574456 0.06619385342789597
2 0.5558510638297872 0.5011820330969268 0.07180851063829784 0.10874704491725769
2 0.06914893617021277 0.6492585436954001 0.13829787234042554 0.15903718195344788
2 0.5132978723404255 0.9479905437352244 0.14627659574468055 0.1040189125295509
0 0.6289893617021276 0.5709219858156027 0.03989361702127644 0.09692671394799046
0 0.6555851063829786 0.587470449172577 0.07180851063829803 0.1252955082742319
5 0.894281914893617 0.6501182033096927 0.03324468085106403 0.15130023640661933
5 0.7872340425531914 0.367612293144208 0.021276595744680975 0.07801418439716315
5 0.7746010638297872 0.28486997635933803 0.014627659574468054 0.04964539007092203
5 0.783909574468085 0.28368794326241137 0.011968085106382914 0.05200945626477545
0 0.7486702127659575 0.2860520094562648 0.013297872340425556 0.06146572104018915
