2 0.3084004602991945 0.5705521472392637 0.09666283084004604 0.1554192229038854
2 0.5258918296892978 0.6175869120654396 0.08745684695051781 0.16359918200409004
2 0.5627157652474112 0.49182004089979564 0.06674338319907934 0.10020449897750529
0 0.7606444188722671 0.5184049079754601 0.03912543153049469 0.1288343558282209
5 0.8670886075949366 0.48261758691206547 0.03337169159953973 0.11042944785276078
5 0.7873375161703009 0.31817635379853887 0.015033214644562207 0.06906925700878894
5 0.7767042667875618 0.2784289511802735 0.012099904470013457 0.05082454761024088
5 0.29399141118838534 0.32176013600182507 0.012466568241832086 0.06450807965915185
5 0.43424030390899687 0.2536682741393869 0.013566559557287902 0.059946902309514945
4 0.5540851553509781 0.4100204498977506 0.02876869965477553 0.0920245398773006
2 0.4376449586022322 0.3247071806782897 0.053446392364585475 0.0893923540764099
2 0.6325670954613086 0.31912015854851405 0.04558662878155822 0.06983777662219531
2 0.5241023580155323 0.27791587034141885 0.03772686519853096 0.06844102108975146
0 0.07662062840561575 0.5793556893273668 0.10541436774275796 0.15957865394792875
