2 0.18192397207137317 0.5937931034482758 0.12179984484096198 0.14758620689655175
2 0.5252133436772692 0.6758620689655173 0.09775019394879748 0.14344827586206896
2 0.577967416602017 0.4206896551724138 0.057408844065166914 0.0855172413793104
2 0.6004654771140419 0.3558620689655172 0.05120248254460826 0.07448275862068965
2 0.3557020946470132 0.4048275862068965 0.0659425911559348 0.09241379310344833
2 0.46780449961210235 0.3048275862068966 0.05120248254460826 0.06068965517241384
2 0.5457719162141195 0.28206896551724137 0.038013964313421196 0.051034482758620714
2 0.5764158262218774 0.25793103448275867 0.031031807602792796 0.04413793103448281
2 0.6970519782777348 0.2606896551724138 0.030256012412723122 0.04137931034482761
7 0.543832428238945 0.2510344827586207 0.03878975950349108 0.06068965517241381
0 0.9658650116369278 0.5924137931034482 0.06671838634600462 0.1448275862068965
0 0.7160589604344453 0.596551724137931 0.06206361520558573 0.11448275862068968
0 0.7420480993017844 0.5420689655172414 0.03335919317300224 0.10482758620689658
0 0.6679596586501164 0.5972413793103448 0.065166795965865 0.12137931034482755
5 0.6710628394103957 0.5441379310344827 0.021722265321955092 0.11172413793103451
6 0.2548487199379364 0.3986206896551724 0.025601241272304093 0.10206896551724136
5 0.7959921349451924 0.3389886776067294 0.009152447740980705 0.05224303545739097
5 0.7853945638766888 0.3385604560046197 0.00915244774098042 0.06337679711224467
5 0.7680530839464096 0.276896545300814 0.008189032189298189 0.05995102429536676
0 0.40340029763471064 0.29445363098731436 0.01685977215443785 0.06080746749958671
0 0.4433820430295202 0.27304255088182605 0.013969525499391367 0.05224303545739101
5 0.3879856488077958 0.27304255088182605 0.010115863292662723 0.05395592186582999
0 0.721877424359969 0.5027586206896552 0.024049650892164466 0.09793103448275858
