2 0.508729388942774 0.9034482758620689 0.1328806983511155 0.18965517241379318
2 0.549466537342386 0.5241379310344828 0.07080504364694469 0.11724137931034491
2 0.6197866149369545 0.3120689655172415 0.040737148399611914 0.05862068965517261
2 0.6513094083414162 0.2793103448275862 0.03394762366634332 0.05172413793103448
2 0.6644034917555771 0.2637931034482759 0.025218234723569422 0.03793103448275865
2 0.7114451988360816 0.23706896551724135 0.020368574199806203 0.039655172413793134
2 0.6275460717749758 0.2301724137931034 0.019398642095053376 0.029310344827586227
0 0.938894277400582 0.5017241379310344 0.05237633365664408 0.13793103448275856
0 0.7502424830261881 0.5887931034482758 0.06886517943743939 0.11551724137931046
0 0.6532492725509212 0.5836206896551726 0.06498545101842865 0.1327586206896555
0 0.6833171677982541 0.5922413793103448 0.07080504364694462 0.1603448275862069
0 0.12027158098933065 0.6112068965517243 0.06983511154219205 0.132758620689655
0 0.10572259941804074 0.4672413793103448 0.03491755577109602 0.10689655172413794
0 0.7361784675072746 0.2525862068965517 0.011639185257031955 0.03620689655172413
0 0.42095053346265765 0.2767241379310345 0.0155189136760427 0.060344827586206906
0 0.435984481086324 0.2681034482758621 0.016488845780795316 0.053448275862068934
0 0.5315227934044617 0.33362068965517244 0.025218234723569353 0.07068965517241384
5 0.0877788554801164 0.5879310344827586 0.022308438409311356 0.13793103448275865
5 0.2390882638215325 0.35086206896551725 0.022308438409311362 0.08448275862068964
5 0.40979631425800195 0.25862068965517243 0.012609117361784711 0.062068965517241385
0 0.5082444228903976 0.24137931034482754 0.01357904946653747 0.04827586206896552
0 0.5247332686711931 0.23965517241379308 0.009699321047526582 0.04137931034482761
