2 0.3130158922532574 0.5574767086376378 0.08917629594400012 0.14428307150430322
5 0.1408630545384076 0.5440733631973454 0.012866231753114387 0.12851442980984382
5 0.1526201283817708 0.5361890423501157 0.015971873900417856 0.11747638062372218
5 0.2312253907818311 0.3635105262399482 0.01597187390041789 0.0725357517945131
5 0.7831487666996066 0.3039204273567909 0.013867133399214424 0.07540092419506912
5 0.7675223701079547 0.27247272482665236 0.009106774172618372 0.05443578917497668
5 0.7758012557194259 0.256473016521845 0.009106774172618372 0.029056941519075393
2 0.6888625543792065 0.23827235702848792 0.020666503502502563 0.027840952653628435
2 0.5261886353731434 0.268742917657912 0.03428306266503846 0.04443889932074903
2 0.5895114687662142 0.23648887782833605 0.02298981849302571 0.04013836067680568
2 0.6153245983022432 0.23398023028603568 0.017343196407019406 0.03512106559220495
2 0.48847726644160117 0.3264418111308201 0.046786297284052265 0.0652248360998092
2 0.4160795046960202 0.34077693994396496 0.052029589221058214 0.07955996491295408
