5 0.2397985830862561 0.35237838199814014 0.019066516134566704 0.06906925700878891
2 0.2823315806172128 0.49019109763360097 0.06893278910189529 0.09969430492778017
2 0.6414025366323051 0.2738190987807153 0.0327392294635456 0.05182768625381691
2 0.6380157197912485 0.2316882054389028 0.01580514525826331 0.02507791270345976
2 0.6558905864523799 0.23218976369297203 0.013547267364225775 0.01939358582400892
2 0.7032119439815849 0.2345303688786283 0.014864362802414348 0.02674977355035711
2 0.7148776464341127 0.24004750967338948 0.015616988767093574 0.02240293534842408
5 0.7331288260775836 0.2505802330088426 0.0062091642086035395 0.04614335937436603
0 0.7502510667740355 0.2651254223768492 0.010348607014339137 0.04580898720498659
5 0.7614829521731339 0.23921797498673214 0.0059867974463119825 0.020670279561639582
