6 0.8642358417377812 0.7317241379310344 0.037238169123351386 0.18620689655172412
1 0.8991466252909229 0.5779310344827587 0.20170674941815359 0.24275862068965537
7 0.7044220325833979 0.4944827586206897 0.13498836307214887 0.09517241379310341
2 0.6136539953452289 0.4165517241379311 0.07137315748642357 0.08827586206896548
2 0.4615981380915439 0.36 0.05896043444530648 0.06620689655172413
2 0.4138867339022497 0.4199999999999991 0.061287820015515686 0.08965517241379298
2 0.3770364623739333 0.37655172413793103 0.051202482544608185 0.06068965517241381
2 0.3429014740108611 0.4151724137931028 0.06671838634600477 0.09655172413793095
4 0.39449185415050425 0.4503448275862069 0.030256012412723052 0.08689655172413793
7 0.6439100077579519 0.26620689655172414 0.034134988363072126 0.05241379310344829
7 0.6904577191621413 0.25793103448275867 0.02792862684251361 0.04413793103448281
7 0.6027928626842514 0.34965517241379307 0.048099301784329 0.06758620689655175
0 0.21450737005430565 0.42689655172413793 0.028704422032583422 0.08689655172413793
