1 0.2613967022308439 0.7706896551724127 0.5227934044616878 0.45862068965517105
2 0.3850630455868089 0.4629310344827586 0.08147429679922404 0.10517241379310342
2 0.3642095053346267 0.38534482758620653 0.05140640155189152 0.07413793103448327
2 0.6770126091173617 0.4879310344827586 0.12415130940834146 0.10344827586206896
2 0.9830261881668284 0.568103448275862 0.033947623666343386 0.10172413793103445
2 0.5974781765276431 0.40948275862068967 0.05819592628515999 0.11206896551724135
2 0.6648884578079535 0.31724137931034485 0.04558680892337549 0.062068965517241316
2 0.6789524733268673 0.27586206896551724 0.034917555771096 0.04827586206896552
2 0.6954413191076625 0.253448275862069 0.02327837051406401 0.04137931034482758
2 0.49321047526673134 0.31982758620689655 0.05528612997090207 0.07068965517241374
2 0.4636275460717749 0.3025862068965517 0.03879728419010668 0.06724137931034484
2 0.4442289039767216 0.31551724137931036 0.0465567410281281 0.06896551724137928
2 0.42337536372453927 0.33706896551724136 0.04752667313288064 0.0568965517241379
2 0.3962172647914646 0.3568965517241379 0.06692531522793402 0.06206896551724142
7 0.3268671193016489 0.41120689655172415 0.07565470417070802 0.12241379310344826
0 0.2061105722599418 0.43362068965517236 0.02812803103782734 0.09137931034482755
0 0.39088263821532493 0.2991379310344827 0.02521823472356928 0.060344827586206906
5 0.7832201745877788 0.6474137931034483 0.04946653734238609 0.15344827586206897
5 0.8423860329776915 0.48879310344827587 0.016488845780795316 0.10172413793103452
5 0.860329776915616 0.4905172413793103 0.02327837051406405 0.11206896551724149
5 0.7720659553831232 0.2991379310344828 0.0155189136760427 0.07413793103448274
5 0.7875848690591658 0.2853448275862069 0.0155189136760427 0.07758620689655167
5 0.545101842870999 0.23620689655172414 0.013579049466537327 0.03793103448275865
5 0.4990300678952473 0.23965517241379308 0.014548981571289943 0.04137931034482761
2 0.6663433559650823 0.24310344827586206 0.027158098933074512 0.04482758620689651
