2 0.6120271580989328 0.3293103448275862 0.04267701260911692 0.062068965517241365
2 0.6290009699321049 0.4025862068965517 0.06498545101842872 0.07413793103448278
2 0.6983511154219204 0.25 0.03103782735208521 0.03793103448275861
2 0.6653734238603297 0.2456896551724138 0.02521823472356928 0.032758620689655196
1 0.6425800193986422 0.22241379310344825 0.033947623666343386 0.055172413793103454
0 0.18622696411251183 0.7043103448275875 0.03685741998060137 0.17758620689655025
0 0.6571290009699322 0.5931034482758624 0.08244422890397672 0.13103448275862029
0 0.7381183317167799 0.568103448275862 0.06983511154219216 0.1293103448275862
3 0.6018428709990297 0.48793103448275876 0.032007759456838016 0.09655172413793087
5 0.8254122211445198 0.5103448275862068 0.02521823472356928 0.12068965517241374
