2 0.522439585730725 0.8016359918200409 0.1173762945914845 0.19222903885480577
5 0.9362876100317366 0.6438236340517451 0.024588290266069776 0.12785054268393176
5 0.8520448139180684 0.4737129707072578 0.015394622004802017 0.09362420742624991
5 0.7672346376892228 0.2516748189808873 0.007068237835079003 0.03215600126263812
5 0.5380659670808847 0.23231041939947172 0.004523672214450585 0.02461943846670735
5 0.46144626894862883 0.24512257615255414 0.007633696861885326 0.04019500157829764
0 0.41882439625655976 0.29094057991416944 0.01522357064919305 0.05471544589845774
0 0.43156772224942364 0.2806054401333496 0.017789340983326695 0.048028002510868466
0 0.5271608850134635 0.23350318980620685 0.008723619136054453 0.02674977355035711
0 0.5518778058989511 0.23365517715592474 0.00923677320288121 0.03617298923286931
0 0.030983088718671024 0.5801388772970352 0.04876628165187274 0.15117044930225504
0 0.011549908812285646 0.6078968984591397 0.023099817624571292 0.12693105166127097
7 0.16427072306579787 0.558937121852143 0.1599760636392411 0.24994873949887533
2 0.3076049814271313 0.46544484524569346 0.0783775345346617 0.11257233305674547
2 0.600870481117231 0.4491147101054625 0.05989452712656686 0.08672752931952658
2 0.5992410357264976 0.35843860759902496 0.051790224719680825 0.06657938387363238
3 0.48207438859226104 0.28875744781124707 0.014695021960361458 0.05038988592548517
2 0.4993565623062073 0.3148719142397832 0.040152595215635786 0.06068854874237267
2 0.5236757887899042 0.26540155178009156 0.033322514586172004 0.038987794949645466
2 0.5881476104892368 0.23947099004471412 0.02400876827326684 0.030528179064345018
2 0.6514810854169921 0.25951660159901296 0.02649243395670794 0.03310284476856697
2 0.6709364666039497 0.24480422614631656 0.01945538118695751 0.027953513360123205
2 0.704672925470695 0.2398387994310315 0.01904143690638392 0.024643228883266487
2 0.7256805977098034 0.2381836571926032 0.014695021960361458 0.02059732563377498
2 0.6185763182001821 0.23364264346149022 0.014368313871148501 0.023406051856562513
