2 0.2654774396642183 0.6082089552238805 0.10912906610703044 0.13805970149253732
2 0.5320041972717733 0.6660447761194029 0.10073452256033576 0.23880597014925364
2 0.5792235047219307 0.41977611940298504 0.05036726128016788 0.08955223880596996
2 0.45960125918153205 0.3507462686567164 0.0461699895068206 0.06343283582089551
2 0.3347324239244491 0.43376865671641796 0.06295907660020987 0.08395522388059704
2 0.27072402938090234 0.4692164179104478 0.02938090241343128 0.1063432835820896
2 0.474816369359916 0.2873134328358209 0.04302203567681012 0.059701492537313425
2 0.637460650577125 0.33302238805970147 0.03672612801678909 0.06902985074626869
5 0.7995802728226653 0.4356343283582089 0.029380902413431328 0.09888059701492544
5 0.011542497376705142 0.503731343283582 0.018887722980062957 0.10820895522388063
