0 0.6458494957331264 0.5868965517241379 0.06283941039565548 0.1227586206896551
0 0.7536850271528316 0.6110344827586207 0.03491078355314189 0.12965517241379318
6 0.7808378588052753 0.6744827586206893 0.03491078355314194 0.17931034482758604
5 0.8176881303335919 0.6103448275862068 0.02637703646237412 0.1255172413793104
5 0.865399534522886 0.6193103448275862 0.028704422032583353 0.1186206896551723
5 0.9006982156710631 0.6082758620689654 0.02327385570209474 0.1324137931034483
1 0.17300232738557 0.8786206896551703 0.30256012412723 0.24275862068965492
2 0.5426687354538402 0.2744827586206896 0.027152831652443723 0.0468965517241379
2 0.5290923196276184 0.28620689655172415 0.03878975950349108 0.05655172413793103
2 0.517455391776571 0.30068965517241375 0.034134988363072195 0.049655172413793094
2 0.4976726144297905 0.3124137931034483 0.03646237393328157 0.05655172413793103
2 0.4806051202482544 0.33172413793103445 0.0395655546935609 0.06758620689655175
2 0.43716058960434445 0.3110344827586207 0.028704422032583353 0.037241379310344803
2 0.44879751745539165 0.35517241379310305 0.053529868114817775 0.08965517241379302
2 0.408456167571761 0.33448275862068966 0.03956555469356089 0.0648275862068965
3 0.3832428238944918 0.3579310344827586 0.020170674941815393 0.051034482758620714
2 0.48254460822342915 0.4531034482758621 0.06826997672614456 0.10344827586206895
2 0.4290147401086113 0.4013793103448275 0.040341349883630785 0.08000000000000003
2 0.39720713731574864 0.43448275862068897 0.0667183863460047 0.113103448275862
2 0.35453840186190844 0.39655172413793116 0.040341349883630716 0.07586206896551727
2 0.32040341349883633 0.4406896551724138 0.06826997672614428 0.0896551724137931
5 0.25290923196276177 0.34758620689655173 0.018619084561675693 0.06620689655172418
5 0.2994569433669511 0.323448275862069 0.017067494181536098 0.0675862068965517
0 0.42397207137315746 0.26689655172413795 0.01629169899146625 0.05379310344827587
2 0.6070597362296354 0.4427586206896552 0.07525213343677273 0.09103448275862071
2 0.6365399534522885 0.36758620689655175 0.044220325833979716 0.07310344827586207
2 0.652831652443755 0.32000000000000006 0.04266873545384006 0.05793103448275877
