2 0.13625730977453532 0.6299376299376293 0.13450292364263783 0.1538461538461538
0 0.46198830409356717 0.5478170478170478 0.08421052631578953 0.11018711018711
0 0.1497076023391813 0.4480249480249481 0.0374269005847953 0.11850311850311854
2 0.26315789473684215 0.5072765072765073 0.095906432748538 0.12474012474012476
2 0.3152046783625731 0.4511434511434511 0.06900584795321638 0.08731808731808734
2 0.3929824561403509 0.4553014553014553 0.072514619883041 0.10810810810810807
2 0.3526315789473684 0.40436590436590436 0.05497076023391813 0.07692307692307686
2 0.37660818713450295 0.3721413721413721 0.058479532163742715 0.06652806652806653
2 0.408187134502924 0.3399168399168399 0.058479532163742645 0.06444906444906447
2 0.440320097883361 0.3190994633716617 0.04093567251461991 0.05821205821205819
2 0.4649584497079326 0.30038844466064296 0.04210526324138737 0.05821205821205819
2 0.5157894736842106 0.3087318087318087 0.044444444444444356 0.06029106029106028
2 0.7964912280701755 0.524948024948025 0.15672514619883032 0.10602910602910605
7 0.42527697576640555 0.3917140353421687 0.07682367150120495 0.0960171115192583
5 0.7751847920570512 0.33463719682794285 0.013204068539269684 0.06507826447416445
5 0.7943907099323526 0.33623748201993053 0.012003698672063195 0.08108111639404098
2 0.5582179382595926 0.2743597879297414 0.030609431613761375 0.05974398050087217
2 0.49399815066396835 0.27649350151905827 0.03541091108258669 0.04480798537565409
2 0.5222068425433171 0.2652915051751447 0.03301017134817407 0.04374112858099572
2 0.5369113734165946 0.258356936009865 0.03000924668015827 0.0405405581970204
2 0.5552170138914911 0.24982208165259734 0.02340721241052341 0.03840684460770352
7 0.5645198803623402 0.2386200853086839 0.028808876812951995 0.039473701402362026
5 0.4954986129979762 0.23381922973272096 0.009602958937650641 0.03627313101838677
5 0.5051015719356269 0.23435265813005018 0.008402589070444293 0.03733998781304514
5 0.345029239766082 0.5594405594405595 0.02339181286549703 0.11718011718011717
