2 0.4858342077649528 0.44682835820895517 0.06295907660020987 0.09141791044776121
2 0.40136411332633787 0.4347014925373134 0.06400839454354668 0.09701492537313434
2 0.6542497376705143 0.3582089552238806 0.045120671563483795 0.06343283582089548
2 0.431794333683106 0.3927238805970149 0.05141657922350475 0.07276119402985075
2 0.49527806925498424 0.31343283582089554 0.03777544596012589 0.059701492537313425
2 0.47166841552990557 0.33861940298507465 0.03672612801678909 0.06156716417910449
2 0.44805876180482684 0.3582089552238806 0.041972717733473316 0.06343283582089548
2 0.5351521511017838 0.27798507462686567 0.033578174186778685 0.052238805970149294
5 0.25498426023084997 0.3451492537313433 0.014690451206715664 0.07089552238805971
5 0.8777544596012592 0.5419776119402985 0.02413431269674703 0.10261194029850743
5 0.7948583420776495 0.3694029850746269 0.01783840503672607 0.07462686567164177
5 0.7486883525708289 0.27705223880597013 0.01364113326337872 0.05783582089552237
2 0.6696121341374479 0.24663829530330403 0.022401117299678787 0.030317484520948134
2 0.7237760296978653 0.23891030905286623 0.015045526544560489 0.023183958751313228
