2 0.7070805043646945 0.24741379310344824 0.021338506304558677 0.032758620689655196
2 0.6551891367604267 0.25948275862068965 0.028128031037827413 0.0396551724137931
2 0.5295829291949563 0.253448275862069 0.025218234723569353 0.04137931034482758
2 0.5193986420950534 0.2663793103448276 0.033947623666343386 0.05000000000000004
2 0.5043646944713871 0.27586206896551724 0.029097963142579956 0.04482758620689655
2 0.4830261881668283 0.28706896551724137 0.03297769156159063 0.0431034482758621
2 0.4665373423860329 0.3 0.03879728419010668 0.04482758620689655
2 0.4500484966052376 0.31465517241379315 0.03685741998060138 0.04655172413793103
2 0.40785645004849663 0.34051724137931033 0.05528612997090207 0.08448275862068964
2 0.46023278370514065 0.3629310344827586 0.04946653734238602 0.07413793103448278
2 0.3797284190106693 0.37327586206896557 0.05140640155189139 0.07068965517241374
2 0.44180407371483993 0.39224137931034475 0.04752667313288072 0.08103448275862071
2 0.4136760426770126 0.41810344827586204 0.07468477206595538 0.11551724137931033
2 0.3482056256062076 0.3991379310344827 0.06013579049466539 0.07758620689655167
2 0.37002909796314254 0.4905172413793103 0.0863239573229874 0.12241379310344819
2 0.3166828322017459 0.43793103448275855 0.06692531522793409 0.09655172413793103
3 0.27497575169738103 0.49396551724137927 0.03976721629485934 0.11551724137931046
0 0.7667313288069835 0.603448275862069 0.07662463627546075 0.14137931034482754
0 0.42628516003879724 0.28793103448275864 0.014548981571290014 0.055172413793103454
5 0.8375363724539282 0.5525862068965517 0.02036857419980606 0.1155172413793104
5 0.8380213385063046 0.47931034482758617 0.019398642095053445 0.0965517241379311
5 0.7938894277400582 0.4362068965517241 0.022308438409311293 0.11034482758620691
5 0.8064985451018428 0.43706896551724134 0.016488845780795316 0.11206896551724142
5 0.7740058195926284 0.3137931034482759 0.013579049466537327 0.06551724137931032
5 0.7681862269641124 0.25172413793103443 0.011639185257032097 0.04137931034482758
5 0.14888457807953442 0.41551724137931034 0.022308438409311328 0.09655172413793103
