2 0.5236 0.8122332859174964 0.11279999999999994 0.18492176386913228
2 0.5572 0.515647226173542 0.06799999999999998 0.10953058321479375
2 0.39559999999999995 0.4466571834992885 0.06640000000000013 0.10241820768136552
2 0.3875083870026359 0.3702553072398198 0.06120576828351688 0.07498625030398273
5 0.22087195079171934 0.36959171210438624 0.011569383029201354 0.0776406308457166
5 0.22945568658757842 0.37224609264612013 0.010076559412530238 0.06835029894964798
5 0.3221973537732734 0.30290040099332205 0.012689000741704782 0.07034108435594835
5 0.27797245412939064 0.33143499181696146 0.01455503026254366 0.07299546489768226
3 0.4554318615611731 0.3115271377539572 0.017167471591718168 0.0676867038142144
2 0.4985371434925524 0.31816308910829194 0.04366509078763101 0.05441480110554494
2 0.5255945715447169 0.2620893001641633 0.026124413291745086 0.04446087407404281
2 0.5461208962739452 0.27668839314369975 0.03732059041677864 0.04446087407404281
2 0.5679534416677607 0.2445040290751762 0.028736854620919558 0.030525376229939845
2 0.6366233280346334 0.29925062774843786 0.03769379632094655 0.05109682542837756
2 0.5998625464741062 0.380872829406755 0.04478470850013466 0.0643687281370474
2 0.6597620940930361 0.2504763852940775 0.02276556015423509 0.03583413731340762
2 0.7026807730723312 0.24218144610115877 0.02052632472922793 0.03118897136537315
2 0.5892261782053245 0.2391952679917084 0.01903350111255705 0.025216615146472065
2 0.6159104003533212 0.22890954339248953 0.02089953063339614 0.033843351907107216
2 0.6411017988846468 0.2368726850176912 0.018287089304221595 0.02720740055277247
5 0.7657525708766875 0.2554533488098285 0.010076559412530344 0.037824922719708096
5 0.8797263772391325 0.5669947919362859 0.019188952567819287 0.12179067032237105
5 0.9064582820394772 0.566486925989262 0.022353167630133994 0.1207749384283192
