2 0.09941520467836257 0.7536382536382535 0.17777777777777778 0.20997920997920985
2 0.03333333333333333 0.6735966815274371 0.06666666666666667 0.12058213644364763
2 0.22222222197174446 0.5519750519750519 0.10292397660818714 0.1309771309771309
2 0.16842105263157897 0.5675675675675675 0.007017543859649145 0.0041580041580041895
2 0.3438596490393142 0.5332640332640335 0.08654970776932411 0.11434511434511457
2 0.3046783625730994 0.46361746361746364 0.07836257309941526 0.09147609147609145
2 0.3549707602339181 0.40228690228690234 0.06432748538011693 0.08108108108108103
2 0.40058479532163743 0.35239085239085244 0.052631578947368425 0.06444906444906451
2 0.5678362573099416 0.46361746361746364 0.07134502923976598 0.09147609147609145
0 0.6561403508771931 0.5997920997920997 0.0678362573099416 0.11434511434511417
5 0.12748538020045164 0.5332640332640332 0.021052631745932526 0.13929313929313936
5 0.08070175438596491 0.5197505197505198 0.02105263157894737 0.10810810810810814
5 0.8362573099415205 0.5291060291060291 0.025730994152046664 0.11018711018711017
5 0.9035087719298247 0.5602910602910603 0.026900584795321692 0.11434511434511428
4 0.9807017543024724 0.5706860786168343 0.0385964913950553 0.10187111773262895
2 0.4637426900584795 0.3045738045738046 0.04795321637426902 0.05613305613305613
2 0.5187134502923976 0.29937629937629934 0.04795321637426895 0.05821205821205819
2 0.5713450291145272 0.30665280665280653 0.05029239741034082 0.05613305613305612
2 0.6269005847953215 0.3201663201663202 0.03976608187134495 0.05821205821205819
2 0.5005847953216375 0.2681912681912682 0.03508771929824554 0.04989604989604988
2 0.5181286549707603 0.2609147609147609 0.02807017543859651 0.035343035343035324
2 0.5385964912280702 0.2567567567567568 0.02456140350877199 0.031185031185031208
0 0.3739011454499747 0.2975639232135623 0.015184678820160044 0.06337129360271092
2 0.6904233027934894 0.26929794920401084 0.02926521577073288 0.04408499151481131
2 0.666862323995018 0.25034140285264195 0.026785112739314627 0.03262289372096038
2 0.6060997997252762 0.24637375361630895 0.02430500970789673 0.03703139287244148
2 0.579810707592245 0.2371159053981986 0.02331296849532954 0.03438629338155277
2 0.5597218730377588 0.2432878042102721 0.018848783038777128 0.03438629338155277
7 0.5488094196995195 0.24637375361630895 0.024801030314180322 0.044084991514811274
5 0.7836751767748076 0.27414729827064005 0.007440309094253905 0.044966691345107467
5 0.7732587440428519 0.2560724517495674 0.0074403090942541895 0.042321591854218854
5 0.21754385964912282 0.3607068607068607 0.021052631578947326 0.08523908523908527
