2 0.534102833158447 0.7807835820895523 0.11122770199370408 0.22201492537313441
2 0.5508919202518362 0.5531716417910446 0.06925498426023079 0.1287313432835818
2 0.5823714585519412 0.41417910447761197 0.05246589716684156 0.08208955223880593
5 0.11227701993704092 0.5531716417910448 0.02518363064008394 0.11007462686567165
5 0.8394543546694649 0.6138059701492538 0.02728226652675758 0.1455223880597015
5 0.8011542497376706 0.37220149253731344 0.007345225603357761 0.046641791044776115
5 0.7927597061909759 0.37220149253731344 0.007345225603357761 0.046641791044776115
5 0.7785939139559287 0.37126865671641796 0.008394543546694706 0.05223880597014926
5 0.7712486883525708 0.3376865671641791 0.010493179433368454 0.037313432835820885
5 0.7885624344176285 0.3526119402985074 0.009443861490031508 0.05597014925373138
