2 0.40543161978661496 0.43793103448275855 0.06789524733268677 0.10344827586206896
2 0.4064015518913676 0.3474137931034483 0.05431619786614938 0.06034482758620683
2 0.48981571290009696 0.2853448275862069 0.044616876818622656 0.06724137931034484
2 0.552376333656644 0.2655172413793104 0.03976721629485937 0.05172413793103452
2 0.7735208535402522 0.528448275862069 0.1290009699321047 0.10517241379310349
2 0.6202715809893307 0.45258620689655177 0.08632395732298732 0.09137931034482755
2 0.6464597478176528 0.375 0.05528612997090214 0.06034482758620683
2 0.6066925315227933 0.3439655172413793 0.04558680892337542 0.06724137931034477
2 0.6387002909796314 0.28793103448275864 0.03394762366634346 0.05172413793103448
2 0.646944713870029 0.26896551724137935 0.03103782735208533 0.04137931034482761
2 0.593113482056256 0.23706896551724138 0.02036857419980599 0.029310344827586193
2 0.6241513094083415 0.23793103448275865 0.016488845780795316 0.031034482758620675
0 0.7259941804073713 0.40948275862068967 0.022308438409311435 0.09482758620689659
0 0.7027158098933074 0.41810344827586204 0.024248302618816525 0.09482758620689652
0 0.7487875848690593 0.253448275862069 0.011639185257032097 0.04827586206896552
5 0.9573229873908826 0.7543103448275863 0.04073714839961212 0.18793103448275858
5 0.7958292919495636 0.5784482758620689 0.03588748787584862 0.12586206896551716
5 0.9064015518913676 0.5827586206896552 0.022308438409311293 0.1275862068965518
5 0.8903976721629486 0.5017241379310344 0.019398642095053445 0.11034482758620684
5 0.8695441319107663 0.5 0.018428709990300832 0.1137931034482758
5 0.8462657613967022 0.49913793103448273 0.02036857419980606 0.10517241379310342
5 0.7851600387972839 0.28017241379310354 0.012609117361784952 0.056896551724137906
5 0.48884578079534435 0.23448275862068968 0.013579049466537398 0.04482758620689655
5 0.5048496605237633 0.2353448275862069 0.01066925315227941 0.039655172413793134
2 0.6561590688651795 0.253448275862069 0.02618816682832204 0.02758620689655171
2 0.6377303588748788 0.2353448275862069 0.016488845780795316 0.022413793103448255
2 0.609117361784675 0.23448275862068968 0.019398642095053306 0.02758620689655171
