2 0.5309548793284367 0.7779850746268656 0.10493179433368313 0.1716417910447761
0 0.3384050367261278 0.42817164179104483 0.05981112277019934 0.09514925373134327
0 0.7623294858342078 0.6996268656716418 0.03672612801678909 0.14925373134328354
2 0.844700944386149 0.6147388059701493 0.19517313746065063 0.15858208955223885
2 0.6227701993704092 0.4029850746268657 0.05351521511017836 0.09701492537313434
2 0.6049317943336832 0.34048507462686567 0.04302203567681019 0.0764925373134329
5 0.3830010493179433 0.2798507462686567 0.0062959076600210065 0.05223880597014925
5 0.37460650577124865 0.2854477611940298 0.010493179433368312 0.06716417910447764
2 0.07292759706190975 0.6259328358208955 0.1458551941238195 0.18843283582089554
2 0.474816369359916 0.2957089552238806 0.034627492130115414 0.05783582089552233
