2 0.28806983511154216 0.4801724137931035 0.08147429679922404 0.10517241379310342
2 0.3753637245392823 0.4732758620689652 0.07371483996120258 0.10517241379310334
4 0.4030067895247333 0.4258620689655172 0.024248302618816667 0.0793103448275862
2 0.4175557710960234 0.41379310344827497 0.059165858389912535 0.09310344827586188
2 0.3389912706110572 0.4189655172413793 0.06498545101842869 0.0793103448275862
2 0.3627546071774976 0.3853448275862068 0.05237633365664408 0.07413793103448278
2 0.3933074684772066 0.3594827586206897 0.05140640155189132 0.07413793103448278
2 0.43549951503394757 0.3284482758620689 0.04267701260911741 0.06034482758620671
2 0.4631425800193986 0.29913793103448255 0.03588748787584884 0.05689655172413792
2 0.48157129000969934 0.2853448275862069 0.03588748787584862 0.05
2 0.502909796314258 0.2775862068965517 0.032007759456838016 0.04482758620689655
2 0.5829291949563532 0.36896551724137905 0.054316197866149114 0.06206896551724132
2 0.6702230843840931 0.28879310344827586 0.036857419980601235 0.0431034482758621
2 0.6828322017458778 0.2655172413793104 0.027158098933074654 0.03103448275862071
2 0.6634335596508245 0.24310344827586206 0.027158098933074797 0.03448275862068964
2 0.7017458777885548 0.2482758620689655 0.030067895247332787 0.03103448275862071
2 0.6818622696411251 0.23965517241379308 0.021338506304558677 0.02413793103448274
5 0.10863239573229874 0.4293103448275862 0.021338506304558677 0.10344827586206903
5 0.11784675072744907 0.43706896551724145 0.022308438409311345 0.09137931034482755
5 0.13045586808923373 0.43965517241379315 0.024248302618816685 0.08275862068965516
5 0.8491755577109602 0.475 0.02618816682832204 0.09137931034482755
5 0.7759456838021339 0.33534482758620693 0.01357904946653747 0.07758620689655174
5 0.7706110572259942 0.25689655172413794 0.010669253152279196 0.04482758620689655
5 0.7638215324927257 0.25775862068965516 0.014548981571289943 0.05000000000000004
0 0.7613967022308438 0.4491379310344828 0.02327837051406405 0.10172413793103445
0 0.013579049466537343 0.5629310344827586 0.027158098933074686 0.13275862068965516
6 0.03685741998060136 0.675 0.06013579049466537 0.1844827586206897
2 0.7221144519883609 0.23879310344827587 0.022308438409311435 0.022413793103448255
