2 0.6467836257309942 0.4656964656964657 0.09824561403508766 0.10810810810810807
2 0.8877192979533898 0.5446985446985442 0.1450292391816345 0.10810810810810807
2 0.6023391812865496 0.37214137214137216 0.051461988304093535 0.07900207900207903
2 0.4058479532163743 0.43555093555093555 0.07017543859649124 0.09771309771309773
2 0.32514619883040907 0.43762993762993735 0.0865497076023391 0.08939708939708976
2 0.43567251461988304 0.3970893970893971 0.06198830409356724 0.08316008316008315
2 0.6707602339181287 0.3066528066528067 0.04327485380116968 0.05197505197505198
2 0.6584795321637427 0.2681912681912682 0.03274853801169584 0.05405405405405407
7 0.365497075898153 0.37733887733887733 0.07836257284893734 0.0935550935550936
2 0.39941520467836256 0.3440748440748441 0.05730994152046783 0.06029106029106032
1 0.5859649122807018 0.2577962577962578 0.07485380116959056 0.10395010395010396
5 0.786664356034002 0.31132542724031814 0.013094793438393178 0.06547829730807932
5 0.7677760447093508 0.2513987057221076 0.015084253161390884 0.045416954063757696
5 0.439766081871345 0.2598752598752599 0.01637426900584792 0.04989604989604988
