2 0.19217491369390102 0.7177914110429449 0.14729574223245107 0.16359918200409
2 0.05753739930955121 0.6791411011740718 0.11507479861910241 0.17218813281849116
2 0.23993095512082852 0.5378323108384458 0.09321058688147296 0.130879345603272
5 0.06098964326812428 0.5664621676891616 0.023014959723820488 0.09815950920245399
2 0.5299194476409665 0.7229038854805726 0.10471806674338317 0.18200408997955017
2 0.3854056294299102 0.4537159473915928 0.07230982496385095 0.11732746472528817
5 0.2521826366975979 0.348260904692078 0.016505503524357295 0.07123453215463918
2 0.5972262579924954 0.39807532674651336 0.054232368722888113 0.08659884301152218
0 0.7025079483824175 0.5992081234184359 0.0652360377391264 0.12570799791995163
2 0.6511863981978184 0.3146984972497393 0.04433298331988425 0.07759925101330488
2 0.6860194565205846 0.28596900355397376 0.02866644034218069 0.04501941280161198
2 0.6698529174904013 0.2607936740267565 0.026333125430608107 0.040872887938305597
3 0.5901868797952708 0.24835409943683742 0.010999913154557745 0.033764559601208964
2 0.6180199933833186 0.23858014797332955 0.021999826309115632 0.03554164168548315
2 0.5958535017233764 0.23532216415216026 0.021666495607462224 0.027840952653628504
5 0.5373539635832283 0.23236036067837001 0.005999952629758738 0.029025674043144534
2 0.7045526435325061 0.24748332939631723 0.017599861047292508 0.02932185439052361
5 0.7828353588157756 0.31915897346204164 0.00769993920819033 0.061901692602216514
5 0.7672521485134854 0.26898602261603455 0.007333275436371878 0.046263370260603905
5 0.7819186993862292 0.26800862746968374 0.010999913154557674 0.04300538643943461
5 0.4187327402331402 0.2680203718969912 0.006291953064717858 0.044100345419457426
