2 0.7938209331651954 0.5201793721973095 0.13745271122320304 0.09865470852017935
2 0.6109709962168978 0.4439461883408072 0.06683480453972258 0.09865470852017935
2 0.5945775535939472 0.38677130044843056 0.05170239596469095 0.06950672645739907
2 0.4034683226781418 0.4462746290626785 0.07059380280601253 0.11125430795870102
2 0.3181674776208751 0.4315358104869524 0.07754622277933171 0.11791054860580147
2 0.3502555698054279 0.3930247038858643 0.05722376439578291 0.08272756232826495
2 0.3858198719766387 0.3602189464108628 0.05134094749528188 0.06085705734493054
7 0.43234760564423735 0.3801876683521675 0.07059380280601353 0.1064998503536276
7 0.41897756723400825 0.33454487534347016 0.06631539051473907 0.0741695386391341
2 0.46015728553751556 0.35071003120071736 0.05348015364091857 0.07987488776522131
4 0.4770035339344049 0.39825460725144424 0.014439641483048079 0.07416953863913413
5 0.3130868630249894 0.30791991275506303 0.01925285531073076 0.07226775559710497
2 0.48288635083490594 0.337872995667021 0.03690130601223373 0.058004382781886826
2 0.5016044046092276 0.3093462500365849 0.048666939813236 0.05990616582391599
2 0.45186786172317317 0.3064935754735412 0.04117971830350726 0.0446919014876833
2 0.46710970551083497 0.2922302026583231 0.03850571062146144 0.04849546757174153
2 0.4860951600533611 0.2822458416876705 0.03476209986659711 0.039937443882610675
2 0.49839559539077244 0.27463870951955416 0.036901306012233806 0.045642793008697884
2 0.5144396414830479 0.26703157735143784 0.03262289372096035 0.04183922692463973
2 0.52620527528405 0.2651297943094088 0.028344481429686822 0.038035660840581575
2 0.5366339052440291 0.26037533670433605 0.029948886038914393 0.04183922692463973
2 0.5454581305947808 0.2541945418177416 0.02513567221123168 0.03328120323550888
2 0.559095569773215 0.24801374693114703 0.022461664529185868 0.030428528672465233
2 0.5719308066470356 0.24183295204455252 0.022461664529185868 0.02757585410942163
2 0.5978686811628809 0.24658740964962525 0.030483687575323656 0.02947763715145072
2 0.6545576440222547 0.26275256550687237 0.02727487835686844 0.04849546757174142
2 0.6829021254519405 0.279393167124625 0.03476209986659959 0.03993744388261049
2 0.6756823047104175 0.24658740964962525 0.02460087067482263 0.03137942019347978
5 0.7794542913219645 0.27156892569085783 0.00935832727672647 0.04133001749198563
