2 0.6702230843840931 0.2801724137931034 0.04073714839961212 0.060344827586206906
2 0.7017458777885548 0.2456896551724138 0.022308438409311293 0.029310344827586227
2 0.6066925315227933 0.24051724137931038 0.022308438409311484 0.03965517241379309
2 0.47332686711930166 0.46551724137931033 0.07565470417070799 0.12413793103448277
2 0.33511154219204653 0.5637931034482758 0.09408341416100868 0.1310344827586207
2 0.28612997090203685 0.48275862068965525 0.07953443258971873 0.1137931034482758
2 0.1585838991270611 0.6 0.1309408341416101 0.14827586206896548
2 0.044616876818622676 0.81551724137931 0.08923375363724535 0.20689655172413846
2 0.5766246362754607 0.46034482758620693 0.07468477206595538 0.1
2 0.48981571290009696 0.2801724137931034 0.042677012609117354 0.060344827586206906
2 0.5242483026188167 0.2663793103448276 0.032007759456838085 0.046551724137931065
2 0.556741028128031 0.24999999999999997 0.03103782735208541 0.0344827586206897
2 0.6270611057225994 0.23706896551724138 0.02036857419980606 0.029310344827586193
5 0.11930164888457806 0.5448275862068965 0.019398642095053358 0.09655172413793103
5 0.4243452958292919 0.26120689655172413 0.010669253152279339 0.046551724137931065
5 0.440349175557711 0.2543103448275862 0.011639185257032026 0.04655172413793103
5 0.465082444228904 0.24655172413793103 0.010669253152279339 0.04482758620689651
5 0.8419010669253153 0.5155172413793103 0.021338506304558677 0.1034482758620689
5 0.7841901066925315 0.29224137931034483 0.01260911736178457 0.056896551724137864
5 0.7740058195926287 0.25172413793103443 0.00775945683802135 0.03448275862068964
0 0.9044616876818623 0.818103448275862 0.04946653734238595 0.20172413793103458
0 0.7284190106692532 0.3103448275862069 0.015518913676042558 0.0724137931034483
3 0.6774975751697382 0.3060344827586208 0.016488845780795215 0.06379310344827593
5 0.6459747817652765 0.5767241379310345 0.019398642095053376 0.11896551724137928
