1 0.21231300345224396 0.8149284253578731 0.42462600690448793 0.3701431492842536
5 0.6570771001150749 0.5777096114519428 0.025316455696202382 0.11656441717791409
5 0.7773302646720368 0.47239263803680986 0.017261219792865462 0.10633946830265849
5 0.8101265822784811 0.4631901840490798 0.01841196777905637 0.08793456032719839
5 0.791139240506329 0.3374233128834356 0.012658227848101404 0.0695296523517382
5 0.7791810018332939 0.3373839949043444 0.014488049820074877 0.06841254585503836
0 0.5403962384194423 0.3221977225848033 0.02078615162453488 0.07387797857554541
2 0.27829585777882193 0.48265145730356623 0.08249503925987306 0.10389090737186074
2 0.39489317704769766 0.45032984167676504 0.06625585830320503 0.09465616004991759
2 0.3341586402697599 0.42262559971093594 0.06950369449453947 0.09465616004991795
2 0.43614069667763417 0.3943441860374845 0.07210196344760554 0.08657575614321743
2 0.36631221856396207 0.38857246896126996 0.05456364801440422 0.07272363516030261
2 0.390670989998964 0.36086822699544036 0.056512349729204485 0.07041494832981683
5 0.36209003151522834 0.28756742012751635 0.013640912003601003 0.06695191808408808
0 0.5017469877425728 0.24947408742450072 0.011042643050534196 0.055408483931659126
2 0.6047180667433832 0.3384458077709611 0.040276179516685814 0.07566462167689164
2 0.6513233601841196 0.26278118609406953 0.03452243958573078 0.05930470347648267
5 0.44383295285532237 0.25541509302136 0.008278885611471196 0.044872745130724034
5 0.29200753121053313 0.3311615067937405 0.011212032691973448 0.06300563753335649
2 0.6872748850378905 0.235803756502469 0.019433179906385475 0.03779261232556376
2 0.7032247591119991 0.240364933852106 0.018333188590929694 0.029973451154757455
2 0.7199079607297452 0.2354779581203521 0.019433179906385475 0.026715467333588202
2 0.6350252975537412 0.2335231678276505 0.013933223329106497 0.01628991910584645
