2 0.6047526673132869 0.37241379310344785 0.05528612997090201 0.0827586206896547
2 0.5358874878758486 0.5603448275862069 0.07662463627546068 0.11379310344827587
2 0.5271580989330747 0.9189655172413788 0.1290009699321048 0.1620689655172414
2 0.3389912706110572 0.42327586206896556 0.06498545101842869 0.09482758620689659
2 0.20999030067895247 0.5508620689655173 0.1251212415130941 0.18793103448275858
2 0.6711930164888458 0.2508620689655172 0.025218234723569422 0.03275862068965516
2 0.6382153249272551 0.23620689655172414 0.019398642095053445 0.02413793103448274
0 0.6648884578079535 0.5939655172413787 0.07274490785645008 0.12586206896551727
0 0.0475266731328807 0.5181034482758621 0.03103782735208535 0.11206896551724135
0 0.7546071774975754 0.41034482758620705 0.02133850630455865 0.09655172413793142
0 0.7512124151309407 0.35431034482758617 0.014548981571289943 0.07068965517241377
0 0.7240543161978661 0.2689655172413793 0.010669253152279339 0.05172413793103445
0 0.5300678952473327 0.24310344827586206 0.01066925315227941 0.03793103448275861
0 0.516003879728419 0.24482758620689654 0.011639185257032026 0.041379310344827544
5 0.33462657613967023 0.3008620689655172 0.013579049466537327 0.06034482758620694
5 0.9131910766246364 0.681896551724138 0.024248302618816667 0.14310344827586213
5 0.8874878758486906 0.6758620689655173 0.025218234723569422 0.15517241379310348
5 0.9772065955383124 0.5120689655172413 0.02036857419980592 0.1034482758620689
5 0.8709990300678954 0.6189655172413793 0.02909796314258003 0.12413793103448277
5 0.8060135790494667 0.44137931034482764 0.02327837051406405 0.09655172413793103
5 0.7919495635305529 0.3413793103448276 0.012609117361784711 0.06896551724137928
5 0.7837051406401551 0.28620689655172415 0.009699321047526582 0.05172413793103448
5 0.7749757516973813 0.2836206896551724 0.009699321047526582 0.04655172413793103
0 0.95635305528613 0.6887931034482758 0.02521823472356928 0.08448275862068953
6 0.07516973811833172 0.5741379310344827 0.032007759456838016 0.13448275862068954
