2 0.4016277655114078 0.43131230544087956 0.0687145508249089 0.10780231894417149
2 0.8553400769035255 0.5367784438046115 0.12666561146200978 0.12005171518526125
5 0.7886902832595891 0.3285038305319905 0.012521814487350156 0.06230691004216929
2 0.6674854010269305 0.2990677177422027 0.03539223598903973 0.054803598561294145
2 0.6590630384727955 0.2561762285300647 0.021911537288744683 0.037682813979654096
2 0.6727047374944979 0.24386650929671105 0.020921983991833742 0.030146251183723292
2 0.7057134081843166 0.24147993107799962 0.018236053614503474 0.030397469943587618
2 0.6351723945902286 0.23306410262254354 0.013995110913456373 0.022107250868063703
5 0.5051542509261716 0.23190522262814425 0.0076336968618851845 0.038185251499382816
0 0.5338159560931235 0.23622495738923582 0.011449376989053519 0.03633329171591992
