2 0.32105868814729577 0.4386503067484662 0.07825086306098968 0.12065439672801638
2 0.36075949367088606 0.38548057259713703 0.0517836593785961 0.1002044989775051
2 0.4062140391254316 0.4263803680981595 0.06904487917146149 0.1288343558282209
2 0.5897583429228999 0.3824130879345603 0.058688147295742184 0.08588957055214727
2 0.6726121979286536 0.31901840490797545 0.04257767548906798 0.065439672801636
2 0.8440736478711163 0.5306748466257669 0.16455696202531642 0.10020449897750515
5 0.8693901035673187 0.600204498977505 0.02646720368239343 0.07157464212678946
5 0.8481012658227849 0.5920245398773006 0.023014959723820567 0.09611451942740289
5 0.7543153049482162 0.5572597137014313 0.03337169159953955 0.11656441717791433
0 0.7862254735094919 0.6124388203617345 0.08881532848820825 0.12012097579017592
0 0.3406214039125432 0.3312883435582822 0.027617951668584554 0.08588957055214727
6 0.2928653624856156 0.3312883435582822 0.01726121979286539 0.09406952965235174
0 0.36306098964326805 0.2985685071574642 0.01726121979286539 0.065439672801636
0 0.425776754890679 0.2770961145194274 0.01611047180667434 0.07566462167689156
5 0.8912543153049483 0.49284253578732107 0.026467203682393574 0.08997955010224949
5 0.7796741660201707 0.28206896551724137 0.010861132660977546 0.062068965517241385
0 0.747866563227308 0.25655172413793104 0.010861132660977404 0.04413793103448274
6 0.4868377828049188 0.2587635091845314 0.012779839624224536 0.03722486932423063
5 0.47337816447727804 0.2428099937598612 0.006525875552795455 0.040125508492352434
5 0.4652208200362836 0.24208483396783073 0.0076135214782613045 0.04447646724453527
5 0.765947514142017 0.25050963723421077 0.008670739965139375 0.0385399441898786
2 0.6833346305852714 0.27234893894180856 0.03227442098135278 0.04110927380253717
