0 0.8241923365890309 0.6675567423230976 0.03155522163786628 0.13618157543391213
0 0.6630353117956423 0.5941255006675568 0.06686701728024068 0.1228304405874498
6 0.7648384673178061 0.425233644859813 0.021036814425244188 0.09212283044058743
0 0.14838467317806164 0.47930574098798395 0.03230653643876787 0.09879839786381835
0 0.16979714500375656 0.438584779706275 0.024042073628850514 0.09212283044058743
0 0.017280240420736292 0.5647530040053405 0.034560480841472584 0.11214953271028043
2 0.24567993989481593 0.5287049399198931 0.08564988730277992 0.11748998664886498
2 0.5146506386175805 0.7076101468624834 0.10518407212622068 0.16822429906542055
2 0.5845229151014275 0.4599465954606141 0.06611570247933883 0.10013351134846435
2 0.6284748309541698 0.335113484646195 0.045830202854995825 0.06675567423230974
2 0.37039819684447783 0.3865153538050734 0.06160781367392943 0.0921228304405875
2 0.4274981217129977 0.3251001335113484 0.0540946656649136 0.07610146862483312
5 0.36927122464312545 0.2817089452603472 0.012772351615326798 0.053404539385847764
2 0.6525169045830203 0.2536715620827771 0.026296018031555304 0.04272363150867825
