5 0.12025316455696203 0.5276073619631901 0.01956271576524742 0.11042944785276071
5 0.13463751438434982 0.516359918200409 0.013808975834292277 0.11247443762781188
0 0.4459148446490218 0.6339468302658486 0.09551208285385496 0.13496932515337415
0 0.2871116225546605 0.5797546012269944 0.07249712313003476 0.14928425357873232
0 0.3469505178365938 0.33946830265848665 0.024165707710011544 0.06543967280163596
0 0.3912543153049482 0.30368098159509205 0.011507479861910284 0.0674846625766871
0 0.3665132336018413 0.3128834355828221 0.01956271576524742 0.0736196319018405
2 0.30724971231300346 0.450920245398773 0.06674338319907942 0.10838445807770959
2 0.3486766398158804 0.40490797546012275 0.062140391254315336 0.08588957055214727
2 0.4700805523590334 0.34355828220858897 0.05638665132336022 0.09406952965235174
2 0.4108170310701956 0.34355828220858897 0.05753739930955121 0.09406952965235174
2 0.7163406214039125 0.5020449897750511 0.13463751438434998 0.1411042944785276
5 0.8647871116225546 0.46625766871165647 0.03337169159953987 0.1022494887525562
5 0.7934407364787112 0.34969325153374237 0.024165707710011475 0.08588957055214724
2 0.5287686996547757 0.25971370143149286 0.035673187571921755 0.06134969325153374
0 0.8739930955120829 0.6226993865030674 0.06098964326812435 0.14110429447852751
5 0.38145454548485974 0.2783285620934441 0.012305082177758705 0.04890284261508928
5 0.7869793860783477 0.2863717927867154 0.0054287127254818305 0.026381796673929755
5 0.7817316304437153 0.2776851036379824 0.007962111997373284 0.04890284261508928
0 0.7509689249993187 0.26545939298421006 0.013028910541156478 0.051476676436936125
