5 0.5981380915438324 0.5386206896551724 0.02482544608223428 0.10896551724137929
5 0.15709852598913887 0.5358620689655172 0.017843289371605894 0.08413793103448278
5 0.15942591155934832 0.5193103448275862 0.017843289371605876 0.086896551724138
5 0.11481768813033359 0.4303448275862069 0.015515903801396416 0.09103448275862064
5 0.8491078355314184 0.596551724137931 0.020946470131885192 0.13655172413793099
5 0.8778122575640032 0.5724137931034483 0.022498060512024694 0.12413793103448277
5 0.9096198603568658 0.49241379310344824 0.020946470131885206 0.113103448275862
5 0.9228083785880525 0.692413793103448 0.03180760279286301 0.15724137931034482
5 0.956167571761055 0.7089655172413794 0.030256012412723122 0.13517241379310363
2 0.8250581846392552 0.5310344827586208 0.10318076027928641 0.09379310344827588
2 0.6419705197827773 0.4868965517241379 0.11714507370054307 0.08275862068965509
2 0.6283941039565555 0.3910344827586206 0.057408844065166706 0.08137931034482754
2 0.6466252909231963 0.3144827586206897 0.044220325833979786 0.04965517241379306
2 0.33204034134988364 0.42896551724137927 0.060512024825446105 0.09931034482758619
4 0.42397207137315746 0.44758620689655176 0.04266873545384016 0.10068965517241374
5 0.21746109616005274 0.37410284897972995 0.01685977215443792 0.0676590131333424
6 0.4294125175301289 0.2816069829240213 0.013006109947709349 0.05909458109114716
6 0.5062449077767814 0.23493082829405726 0.010597571068503769 0.04282216021097618
0 0.3793149088426564 0.30986960866326574 0.014932941051073458 0.05395592186583021
2 0.3588423283694103 0.39551392908521804 0.05780493310092991 0.07108478595022054
2 0.4084582292810417 0.41606856598648684 0.06647567306606936 0.10705540052744082
2 0.4414552119261559 0.38009795140926655 0.049615900911631525 0.07279767235865954
2 0.4180923847978634 0.32999602396242445 0.04046345317065089 0.06337679711224478
2 0.45903754574435546 0.35783042809955895 0.04720736203242609 0.06252035390802518
2 0.4872174506310589 0.3338500183814126 0.042871992049856124 0.06080746749958677
2 0.4527753446584214 0.3043027278358387 0.04817077758410825 0.05652525147848855
2 0.49805587558748315 0.31158249507170466 0.03950003761896873 0.05909458109114716
2 0.4739704867954289 0.2871738637514482 0.029865882102147124 0.04282216021097625
2 0.5178058943969674 0.2974511822020825 0.028902466550465036 0.0496737058447324
2 0.5050406383371786 0.2691885564628382 0.028420758774623706 0.037683500985659035
2 0.5373150593185312 0.28203520452613107 0.03420125208471681 0.04624793302785427
2 0.5582693475676184 0.2679038916565089 0.033719544308875554 0.0436786034151957
5 0.4766198795625549 0.23878482271304513 0.009152447740980563 0.03340128496456142
5 0.48529061952769437 0.23878482271304513 0.007225616637616241 0.04025283059831764
5 0.4937205056049133 0.23664371470249632 0.007707324413457357 0.037683500985659035
2 0.6562968799512787 0.25891123801220395 0.027457343222941688 0.037683500985659
2 0.6710628394103957 0.2482758620689655 0.017067494181536063 0.03310344827586206
