2 0.09165858389912707 0.6396551724137931 0.1483996120271581 0.15517241379310334
2 0.3113482056256062 0.44655172413793104 0.07759456838021343 0.11379310344827587
2 0.3981571290009699 0.44655172413793104 0.06692531522793402 0.1
2 0.5426770126091174 0.5474137931034483 0.08244422890397679 0.11206896551724142
2 0.6387002909796314 0.28620689655172415 0.03394762366634346 0.04482758620689655
2 0.5552861299709021 0.2456896551724138 0.030067895247332714 0.032758620689655196
2 0.5916585838991271 0.23879310344827587 0.03297769156159063 0.039655172413793134
2 0.6319107662463627 0.23448275862068968 0.02036857419980599 0.020689655172413772
2 0.6663433559650825 0.2508620689655172 0.021338506304558677 0.03275862068965516
2 0.6784675072744909 0.24137931034482762 0.026188166828321896 0.02758620689655171
2 0.70368574199806 0.25 0.022308438409311293 0.031034482758620675
7 0.5969932104752667 0.3646551724137931 0.06692531522793395 0.09137931034482757
7 0.5014548981571291 0.2646551724137931 0.05431619786614938 0.08103448275862067
0 0.04558680892337534 0.579310344827586 0.0504364694471387 0.10689655172413773
0 0.6614936954413188 0.5810344827586206 0.07953443258971864 0.14482758620689662
0 0.7119301648884578 0.5525862068965518 0.02521823472356919 0.11896551724137931
5 0.6425800193986422 0.5387931034482759 0.022308438409311362 0.11206896551724142
5 0.7798254122211447 0.3870689655172414 0.019398642095053306 0.08448275862068969
5 0.799709020368574 0.38793103448275856 0.01842870999030069 0.08620689655172406
5 0.7856450048496606 0.29224137931034483 0.011639185257032097 0.06724137931034481
0 0.7347235693501455 0.24310344827586206 0.01260911736178457 0.04137931034482758
