2 0.5304093567251462 0.8534303534303536 0.11111111111111115 0.1891891891891892
2 0.18830409356725145 0.6871101871101871 0.14502923976608184 0.20166320166320162
2 0.06900584795321638 0.6621621700929257 0.13801169590643275 0.18503120089271208
2 0.2421052631578947 0.5301455301455301 0.0912280701754386 0.12474012474012469
2 0.34502923976608185 0.5259875259875261 0.08421052631578946 0.11226611226611226
2 0.3087719295740839 0.4511434511434513 0.0771929821221701 0.09147609147609145
2 0.39590643274853804 0.4417879417879418 0.07368421052631575 0.11018711018711023
2 0.35789473684210527 0.3877338877338877 0.06081871345029242 0.07692307692307693
2 0.57953216374269 0.4667359667359668 0.05730994152046776 0.08108108108108113
2 0.45087719298245615 0.3783783783783784 0.04795321637426902 0.07068607068607065
2 0.47017543859649125 0.3399168399168399 0.05146198830409361 0.06444906444906447
2 0.416374269005848 0.33471933471933474 0.04678362573099413 0.062370062370062415
5 0.8584795321637426 0.49064449064449067 0.0210526315789474 0.09563409563409564
5 0.9 0.524948024948025 0.022222222222222286 0.09771309771309773
5 0.8964912280701753 0.48440748440748443 0.022222222222222143 0.07900207900207903
5 0.7793860865922733 0.35277376233713625 0.01080332880485699 0.0629445508848476
5 0.7991921894011779 0.3490397635558318 0.012003698672063336 0.059743980500872276
5 0.7937905249987494 0.3335703400332845 0.013204068539269542 0.058677123706213835
5 0.7934904325319478 0.31596720292142033 0.009002774004047467 0.055476553322238546
5 0.7757849769906544 0.30636549176949446 0.010803328804856847 0.05334283973292173
5 0.7799862715258764 0.2748932163270706 0.007202219203238087 0.04374112858099572
5 0.7712835899886307 0.26262436318849863 0.006602034269634629 0.04054055819702047
6 0.476892880056278 0.25248922363924353 0.00960295893765057 0.04587484217031257
0 0.35625570840204174 0.3111663473454574 0.01440443840647596 0.06721197806348134
2 0.5240073973441265 0.2914294966442763 0.04381350015303105 0.051209126143604775
2 0.44658354090931823 0.2994309226042146 0.04021239055141208 0.054409696527580105
2 0.4774930649898809 0.2866286410683134 0.03721146588339627 0.04587484217031263
7 0.49639889039838103 0.27275950273775373 0.034210541215380495 0.048008555759629395
2 0.6329409627931011 0.3036983497828484 0.040812575485015115 0.058677123706213904
2 0.647345401199577 0.27916064350570435 0.038411835750602565 0.04800855575962952
2 0.6869576068173859 0.26902550395644925 0.03361035628177731 0.042674271786337314
4 0.6632503019400608 0.24982208165259745 0.010203143871253815 0.032005703839752965
2 0.5561172912918959 0.27062578914843693 0.03000924668015827 0.04587484217031257
2 0.535110818615785 0.2524892236392436 0.026408137078539298 0.02880513345577768
2 0.5204062877425075 0.2578235076125357 0.02580795214493605 0.03307256063441141
2 0.5807248735696255 0.25622322242054807 0.026408137078539298 0.03413941742906981
2 0.5456140549966852 0.24448779767930526 0.019806102808904383 0.021337135893168623
2 0.5528162741570785 0.24288751248731763 0.015004623340079135 0.02027027909851018
2 0.563919695428737 0.23862008530868395 0.02040628774250763 0.026671419866460832
2 0.5972299592437099 0.24395436928197564 0.02340721241051797 0.03520627422372741
2 0.5768236715012051 0.23328580133539173 0.015004623340079064 0.030938847045094562
5 0.5240073973441265 0.23008523095141648 0.009002774004047396 0.035206274223728296
5 0.5336103562817772 0.23008523095141648 0.009002774004047325 0.028805133455777714
