0 0.7888377445339471 0.8241308793456033 0.0471806674338319 0.2044989775051124
0 0.8452243958573072 0.787321063394683 0.04948216340621414 0.15132924335378334
5 0.9275028768699655 0.6850715746421266 0.03452243958573064 0.15950920245398761
5 0.7665958114666651 0.25214017873178457 0.011978905425313541 0.04178690049031733
5 0.7475182954189437 0.24307320975747046 0.009316926441910312 0.0331141475583647
2 0.3193764165921401 0.4408540745448559 0.06731878651127793 0.09969329495279566
2 0.40204861055335867 0.4429528807543885 0.06377569248436864 0.09759448874326317
2 0.3568741617102642 0.3925815317256074 0.06082311412861074 0.10598971358139331
2 0.4315743941109366 0.4004520550113545 0.05078434771903424 0.08395224838130161
2 0.3890572657880243 0.3663464541064506 0.04724125369212487 0.07240881422887263
2 0.4622812090108178 0.3663464541064506 0.053146410403640446 0.08500165148606798
2 0.41149686129178364 0.34116077959206026 0.0413360969806093 0.06611239560027507
2 0.44249893402724055 0.3112527911062215 0.04074558130945775 0.07765582975270412
2 0.48531132018572876 0.34273488424920956 0.04960331637673114 0.06926060491457385
2 0.4723199754203944 0.2934129383251948 0.02834475221527491 0.048272542819248476
2 0.48826389854148644 0.27819659330608393 0.040155065638306196 0.06821120180980764
2 0.5089319470317912 0.2698013684679538 0.021258564161456165 0.049321945924014655
2 0.5219232917971255 0.2656037560488887 0.020077532819153133 0.04302552729541706
2 0.5487917548345215 0.255109725001226 0.025392173859517086 0.038827914876351954
