2 0.5198836081474297 0.9568965517241379 0.1396702230843841 0.08620689655172413
2 0.280310378273521 0.6060344827586204 0.12415130940834128 0.15689655172413733
2 0.08244422890397672 0.775 0.16488845780795344 0.21551724137931047
2 0.11396702230843836 0.6310344827586205 0.14645974781765278 0.186206896551724
2 0.29970902036857416 0.45775862068965517 0.07371483996120272 0.09137931034482762
2 0.4034917555771096 0.44310344827586207 0.069835111542192 0.09310344827586206
2 0.3637245392822503 0.3836206896551724 0.05431619786614938 0.06379310344827588
2 0.3962172647914646 0.346551724137931 0.04752667313288072 0.06896551724137925
2 0.4616876818622697 0.3551724137931035 0.05237633365664401 0.0724137931034483
2 0.4301648884578079 0.3241379310344828 0.03782735208535412 0.06896551724137924
4 0.34820562560620777 0.43448275862069025 0.02521823472356937 0.10344827586206903
0 0.07904946653734238 0.578448275862069 0.06304558680892336 0.15000000000000008
6 0.03782735208535403 0.5982758620689655 0.05431619786614938 0.17241379310344832
0 0.7410281280310378 0.4 0.027158098933074797 0.0965517241379311
2 0.47623666343355964 0.28879310344827586 0.044616876818622725 0.05344827586206897
2 0.49127061105722597 0.32758620689655177 0.04364694471386997 0.05862068965517242
2 0.5455868089233753 0.27931034482758604 0.04170708050436465 0.0551724137931032
2 0.5184287099903007 0.2655172413793104 0.04170708050436467 0.04827586206896555
2 0.533462657613967 0.24913793103448278 0.029097963142580098 0.029310344827586227
2 0.550921435499515 0.24827586206896549 0.029097963142579956 0.03793103448275861
2 0.5824442289039766 0.23879310344827587 0.02618816682832204 0.03620689655172413
2 0.6692531522793402 0.2413793103448275 0.02133850630455882 0.037931034482758585
2 0.6935014548981571 0.2508620689655172 0.02909796314258003 0.03620689655172413
7 0.6275460717749758 0.23189655172413792 0.02327837051406398 0.032758620689655196
5 0.9524733268671193 0.625 0.027158098933074654 0.14999999999999994
5 0.9224054316197866 0.625 0.027158098933074654 0.16379310344827588
5 0.8957322987390883 0.5974137931034482 0.032007759456838016 0.12931034482758627
5 0.3263821532492726 0.30689655172413793 0.014548981571290014 0.06206896551724142
2 0.7235693501454898 0.23706896551724138 0.0155189136760427 0.022413793103448255
