2 0.5130940834141609 0.9112068965517234 0.1338506304558684 0.17758620689655139
2 0.17652764306498547 0.5887931034482758 0.12415130940834143 0.15344827586206897
2 0.36760426770126087 0.3931034482758621 0.0640155189136761 0.0793103448275862
2 0.5620756547041706 0.44137931034482764 0.06304558680892335 0.0896551724137931
2 0.6168768186226964 0.3112068965517242 0.044616876818622656 0.04655172413793103
2 0.46847720659553826 0.2956896551724138 0.044616876818622656 0.06379310344827588
4 0.4209505334626576 0.33189655172413796 0.02327837051406398 0.07413793103448285
5 0.3685741998060136 0.2818965517241379 0.013579049466537327 0.05344827586206897
5 0.3816682832201746 0.2879310344827586 0.010669253152279339 0.044827586206896586
5 0.4340446168768186 0.253448275862069 0.016488845780795316 0.05172413793103445
5 0.7885548011639184 0.6008620689655173 0.03297769156159078 0.15344827586206897
5 0.8967022308438409 0.5655172413793104 0.022308438409311293 0.12758620689655176
5 0.922890397672163 0.5672413793103448 0.02424830261881681 0.12413793103448277
5 0.7783705140640156 0.33879310344827573 0.018428709990300756 0.08448275862068957
2 0.5092143549951504 0.27155172413793105 0.03491755577109608 0.05
2 0.5358874878758487 0.25689655172413794 0.030067895247332645 0.05172413793103452
2 0.5775945683802135 0.2508620689655172 0.028128031037827624 0.04655172413793099
2 0.566925315227934 0.23793103448275862 0.028128031037827256 0.044827586206896586
2 0.6139670223084385 0.23879310344827587 0.025218234723569353 0.03275862068965516
2 0.6551891367604267 0.2551724137931034 0.030067895247332787 0.03793103448275861
2 0.672647914645975 0.24396551724137924 0.02230843840931144 0.03275862068965515
2 0.7085354025218235 0.24137931034482757 0.024248302618816508 0.024137931034482776
7 0.7065955383123181 0.22844827586206898 0.01842870999030069 0.0396551724137931
2 0.6435499515033948 0.23448275862068968 0.01842870999030076 0.02758620689655171
7 0.6493695441319107 0.22068965517241382 0.016488845780795316 0.031034482758620675
