5 0.1361520558572537 0.5227586206896553 0.02094647013188519 0.11034482758620691
5 0.11598138091543833 0.5324137931034483 0.011636927851047325 0.11034482758620691
5 0.10240496508921644 0.5393103448275862 0.01241272304111714 0.1351724137931035
5 0.11986035686578742 0.42 0.01629169899146623 0.08413793103448278
5 0.14119472459270754 0.42 0.020170674941815393 0.08413793103448278
5 0.24709076803723787 0.3510344827586207 0.017843289371606 0.0731034482758623
5 0.3238944918541505 0.3027586206896552 0.01318851823118699 0.06206896551724135
5 0.3557020946470132 0.2903448275862069 0.01163692785104729 0.06206896551724142
5 0.4142746314972847 0.263448275862069 0.009309542280837918 0.0468965517241379
5 0.404189294026377 0.2655172413793103 0.0077579519006982876 0.042758620689655163
5 0.7893716058960433 0.39655172413793094 0.019394879751745434 0.07586206896551723
5 0.7944142746314973 0.35310344827586204 0.017067494181536063 0.06620689655172413
5 0.7777346780449961 0.263448275862069 0.006982156710628402 0.0468965517241379
5 0.7641582622187743 0.2551724137931034 0.006206361520558517 0.04137931034482758
5 0.6276183087664857 0.569655172413793 0.027928626842513467 0.11310344827586206
2 0.12063615205585723 0.750344827586207 0.15748642358417375 0.18206896551724142
2 0.5349107835531419 0.9220689655172413 0.13731574864235838 0.1558620689655173
2 0.3165244375484872 0.5710344827586207 0.09619860356865786 0.1296551724137931
2 0.1679596586501164 0.5993103448275862 0.12179984484096198 0.13931034482758625
2 0.29014740108611325 0.4779310344827586 0.07447633824670284 0.10620689655172413
2 0.3859581070597362 0.4558620689655173 0.07680372381691235 0.09517241379310341
2 0.5449961210240497 0.5903448275862069 0.083010085337471 0.11862068965517253
2 0.6268425135764158 0.423448275862069 0.06361520558572537 0.08
2 0.6179208688906128 0.34275862068965524 0.04887509697439874 0.06482758620689659
2 0.45306439100077583 0.3524137931034483 0.05896043444530648 0.07586206896551725
0 0.728471683475562 0.5606896551724136 0.031031807602792873 0.13103448275862106
0 0.7459270752521334 0.38758620689655177 0.028704422032583353 0.08827586206896548
0 0.2979053529868115 0.36896551724137927 0.023273855702094615 0.09241379310344826
7 0.5038789759503491 0.30482758620689654 0.050426687354538376 0.07448275862068965
7 0.5469356089992242 0.2586206896551724 0.04499612102404974 0.0731034482758621
