0 0.07274490785645003 0.5801724137931028 0.06401551891367603 0.12931034482758613
0 0.03976721629485936 0.5905172413793103 0.05431619786614937 0.1603448275862069
0 0.6459747817652763 0.5948275862068965 0.06789524733268663 0.12413793103448277
0 0.6566440349175557 0.618103448275862 0.08341416100872948 0.15
0 0.7007759456838022 0.5741379310344827 0.07468477206595552 0.1482758620689654
0 0.8288069835111542 0.5922413793103448 0.08050436469447149 0.13965517241379316
5 0.8467507274490785 0.5103448275862068 0.03297769156159063 0.09310344827586199
2 0.9878758486905918 0.5732758620689655 0.024248302618816667 0.07758620689655174
6 0.2405431619786615 0.3844827586206897 0.021338506304558677 0.09999999999999992
0 0.37487875848690594 0.32155172413793104 0.022308438409311362 0.08103448275862064
5 0.7769156159068865 0.296551724137931 0.013579049466537327 0.07241379310344825
2 0.4335596508244423 0.39224137931034486 0.06207565470417066 0.09482758620689652
2 0.4311348205625606 0.3189655172413793 0.04558680892337534 0.07241379310344823
2 0.4835111542192047 0.32241379310344825 0.04752667313288072 0.06551724137931028
2 0.483996120271581 0.28706896551724137 0.03685741998060138 0.05344827586206897
2 0.5227934044616878 0.2594827586206897 0.03879728419010668 0.0431034482758621
2 0.609117361784675 0.3706896551724138 0.05431619786614938 0.07241379310344825
2 0.5615906886517944 0.24051724137931033 0.029097963142580098 0.05
2 0.5819592628516004 0.23448275862068965 0.027158098933074585 0.03448275862068968
2 0.6493695441319107 0.26896551724137935 0.03200775945683816 0.04137931034482761
2 0.6644034917555771 0.24913793103448273 0.021338506304558677 0.0396551724137931
2 0.6808923375363725 0.24396551724137933 0.02909796314258017 0.03620689655172413
2 0.7007759456838022 0.23879310344827587 0.02036857419980592 0.03275862068965516
2 0.6100872938894278 0.23620689655172414 0.02133850630455875 0.031034482758620675
2 0.5271580989330746 0.9836206896551724 0.1231813773035887 0.03275862068965523
