7 0.5058670143415906 0.2575406032482598 0.044328552803129154 0.06960556844547568
2 0.49087353324641464 0.28306264501160094 0.032594524119947864 0.03712296983758701
2 0.4758800521512386 0.2958236658932714 0.03389830508474574 0.053364269141531334
2 0.45241199478487615 0.3051044083526682 0.039113428943937406 0.058004640371229675
2 0.4217731421121252 0.3317865429234339 0.05084745762711869 0.05104408352668216
2 0.42372881355932235 0.3897911832946635 0.06258148631029997 0.08816705336426912
2 0.3428943937418514 0.4199535962877037 0.06518904823989564 0.07424593967517418
2 0.3846153846153847 0.45359628770301624 0.05736636245110823 0.09048723897911834
2 0.5488917861799218 0.5174013921113689 0.07040417209908736 0.10208816705336417
2 0.5312907431551499 0.8909512761020879 0.11603650586701443 0.20881670533642702
0 0.03976531942633638 0.593967517401392 0.06649282920469363 0.14849187935034794
0 0.09908735332464147 0.4872389791183295 0.03129074315514993 0.11600928074245935
2 0.9791395045632334 0.5629614013530262 0.04172099087353317 0.10504113217240978
2 0.2985658409387221 0.5835266821345708 0.10169491525423713 0.14617169373549896
2 0.2242503259452412 0.5371229698375871 0.10430247718383319 0.13225058004640383
5 0.7803129074315516 0.2842227378190255 0.01694915254237287 0.058004640371229675
