2 0.26842105263157895 0.49272349272349275 0.09005847953216371 0.12474012474012469
2 0.37953216374269005 0.47297297297297297 0.06432748538011701 0.10602910602910598
2 0.3210526315789474 0.4386694386694387 0.06198830409356724 0.09563409563409564
2 0.3549707602339181 0.4022869022869023 0.05730994152046776 0.06860706860706862
2 0.43450292397660817 0.4324324324324324 0.05497076023391812 0.08731808731808742
2 0.4257309941520468 0.38669438669438677 0.053801169590643315 0.06652806652806653
2 0.4578947368421053 0.36174636174636177 0.045614035087719315 0.06652806652806653
2 0.5812865497076024 0.40228690228690234 0.05614035087719309 0.07692307692307693
2 0.5959064327485379 0.34719334719334716 0.045614035087719315 0.05821205821205819
2 0.6263157894736842 0.30145530145530147 0.04093567251461977 0.06652806652806653
2 0.029824561403508774 0.6860706940014496 0.05964912280701755 0.14553016139167263
5 0.9315789473684211 0.654885654885655 0.026900584795321692 0.14553014553014557
0 0.7514619883040936 0.5291060291060291 0.029239766081871465 0.1185031185031184
7 0.38056319821297 0.3549074759264531 0.055817198825094325 0.07788054601006568
7 0.48289472939230976 0.3186343449080664 0.05161590428987232 0.07574683242074882
2 0.4102723524263267 0.33623748201993053 0.04201294535222161 0.05761026691155546
2 0.4420821539072945 0.30796577696148203 0.038411835750602565 0.04800855575962952
2 0.5087026815372458 0.3095660621534697 0.028808876812952064 0.05547655332223858
2 0.465489366317818 0.29569692382291 0.0300092466801582 0.04267427178633728
2 0.48289472939230976 0.27916064350570435 0.030009246680158343 0.043741128580995756
2 0.5009002774004047 0.27062578914843693 0.026408137078539225 0.03733998781304507
2 0.5300092466801581 0.2962303522202393 0.036611280949793185 0.054409696527580105
2 0.540212390551412 0.28076092869769204 0.03180980148096779 0.04907541255428789
2 0.5672207125635544 0.2695589323537784 0.025807952144936124 0.04800855575962945
7 0.5111034212716585 0.2604906495991818 0.03240998641457089 0.04054055819702043
7 0.5432133152194278 0.24128722729533 0.02700832201214254 0.027738276661119273
2 0.5324099864145708 0.2519557952419143 0.018605732941697966 0.032005703839752965
2 0.5753232091671971 0.26102407799651095 0.0300092466801582 0.05014226934894633
2 0.6979298490857301 0.25697314091670465 0.023776194350784437 0.03206181201077182
2 0.6704642452667204 0.24859334914116196 0.026235800662934565 0.031333134465072486
2 0.6075393171142132 0.24094223491131872 0.021726522423992804 0.030604456919373142
2 0.5895022041584456 0.2511437205511097 0.017627178570409185 0.033519167102170504
4 0.6350049209332229 0.2402135573656193 0.011068228404675579 0.03934858746776545
5 0.7717180385380246 0.2751900795591886 0.010658294019317368 0.03789123237636673
5 0.7844260043963426 0.2740970632406396 0.008198687707167095 0.038619909922066105
5 0.7819663980841927 0.28721325906322803 0.004099343853583406 0.025503714099477576
5 0.7807365949281174 0.2595235123266524 0.0065589501657335346 0.028418424282275083
5 0.7690534649454044 0.25660880214385495 0.00696888455109189 0.031333134465072486
