2 0.07710960232783703 0.653448275862069 0.15421920465567407 0.17241379310344765
2 0.5281280310378274 0.6862068965517242 0.10184287099903003 0.1655172413793104
2 0.5999030067895247 0.3793103448275862 0.05334626576139669 0.07586206896551723
2 0.6260911736178467 0.3008620689655172 0.037827352085353996 0.056896551724137934
2 0.6605237633365664 0.2560344827586207 0.027158098933074797 0.043103448275862065
2 0.6711930164888458 0.2448275862068966 0.027158098933074654 0.03448275862068964
2 0.6862269641125122 0.23793103448275865 0.024248302618816667 0.02413793103448274
2 0.6183317167798255 0.23448275862068968 0.022308438409311435 0.02413793103448274
2 0.5863239573229874 0.24224137931034484 0.02618816682832204 0.02586206896551726
2 0.562560620756547 0.24741379310344824 0.0329776915615907 0.046551724137930996
2 0.5329776915615907 0.26120689655172413 0.030067895247332787 0.03620689655172413
2 0.501454898157129 0.2836206896551724 0.034917555771096 0.043103448275862065
2 0.47429679922405427 0.33965517241379317 0.06013579049466536 0.058620689655172455
0 0.7677012609117361 0.6353448275862069 0.0417070805043646 0.15344827586206905
0 0.6687681862269641 0.603448275862069 0.06692531522793409 0.11724137931034491
0 0.6838021338506302 0.5706896551724135 0.0601357904946645 0.11034482758620644
5 0.6517943743937923 0.5456896551724139 0.02327837051406405 0.1155172413793104
5 0.9820562560620758 0.6698275862068965 0.030067895247332645 0.13965517241379302
5 0.7822502424830262 0.28620689655172415 0.012609117361784711 0.05172413793103448
5 0.7657613967022309 0.2827586206896552 0.01842870999030069 0.062068965517241385
5 0.4287099903006789 0.2568965517241379 0.015518913676042712 0.04482758620689657
5 0.49806013579049463 0.23620689655172414 0.014548981571290014 0.03793103448275865
5 0.10329776915615906 0.4456896551724138 0.02036857419980601 0.10517241379310342
5 0.08389912706110572 0.45172413793103444 0.02812803103782736 0.10344827586206896
