2 0.5309548793284365 0.6259328358208955 0.08814270724029384 0.14738805970149257
2 0.5986358866736621 0.3591417910447761 0.043022035676810046 0.061567164179104454
2 0.6610703043022036 0.3199626865671642 0.03777544596012589 0.050373134328358236
2 0.49842602308499473 0.31343283582089554 0.04197271773347325 0.055970149253731345
2 0.344700944386149 0.42723880597014924 0.07450157397691502 0.08208955223880601
0 0.6888772298006296 0.5942164179104478 0.07450157397691498 0.12873134328358218
0 0.8955928646379854 0.5951492537313433 0.061909758656872926 0.1156716417910448
0 0.06505771248688352 0.5718283582089552 0.054564533053515205 0.13246268656716417
2 0.6648920270560724 0.24709266429874696 0.02300718454339716 0.029591886058080056
2 0.6994028038711673 0.24535196511885993 0.020559611719631467 0.03655468277762833
