6 0.6582446808510638 0.5945626477541371 0.05053191489361687 0.13947990543735223
0 0.7579787234042553 0.5484633569739953 0.026595744680851113 0.1229314420803783
5 0.8690159574468086 0.5638297872340425 0.02526595744680874 0.11111111111111117
5 0.8982712765957447 0.5626477541371159 0.025265957446808637 0.12765957446808512
2 0.1196808510638298 0.6170212765957447 0.15691489361702127 0.2033096926713948
2 0.5458776595744681 0.2529550827423168 0.02792553191489368 0.03782505910165483
2 0.5212765957446809 0.2624113475177305 0.02925531914893618 0.0378250591016549
2 0.5132978723404255 0.2966903073286052 0.042553191489361666 0.04964539007092199
2 0.4753989361702128 0.2907801418439716 0.03856382978723403 0.05200945626477545
2 0.4454787234042554 0.3108747044917258 0.0425531914893617 0.05437352245862881
2 0.34773936170212766 0.3983451536643026 0.0412234042553191 0.08274231678486998
2 0.2699468085106383 0.49054373522458633 0.08244680851063832 0.10638297872340424
2 0.6422872340425534 0.30260047281323876 0.03723404255319153 0.05200945626477537
2 0.5651595744680851 0.46453900709219853 0.06382978723404249 0.1016548463356974
2 0.502659574468085 0.6879432624113478 0.09042553191489339 0.13711583924349885
2 0.5179521276595743 0.9515366430260045 0.1476063829787234 0.09692671394799028
7 0.394281914893617 0.4184397163120567 0.08909574468085096 0.17966903073286047
5 0.7719414893617023 0.3191489361702128 0.017287234042553196 0.07092198581560283
5 0.7912234042553191 0.3132387706855792 0.015957446808510696 0.06855791962174944
