5 0.7878989361702129 0.37115839243498816 0.017287234042553338 0.09929078014184398
5 0.8018617021276594 0.375886524822695 0.013297872340425414 0.0803782505910165
5 0.07779255319148938 0.45744680851063824 0.017287234042553203 0.10638297872340431
5 0.056515957446808505 0.46453900709219853 0.022606382978723395 0.1016548463356974
2 0.4368351063829787 0.3238770685579196 0.04388297872340423 0.061465721040189075
2 0.39228723404255317 0.3546099290780142 0.05851063829787236 0.07565011820330966
2 0.31117021276595763 0.43853427895981056 0.07446808510638316 0.10638297872340419
2 0.10505319148936161 0.6371158392434986 0.14095744680851052 0.12529550827423155
2 0.07845744680851069 0.7922845484235329 0.15691489361702138 0.21684934286924742
2 0.6569148936170213 0.2943262411347518 0.042553191489361666 0.054373522458628865
