2 0.7036857419980602 0.47931034482758617 0.13870029097963146 0.13448275862068976
2 0.9258001939864207 0.5568965517241375 0.14839961202715787 0.11034482758620764
2 0.6057225994180407 0.3896551724137931 0.05334626576139676 0.0758620689655173
2 0.6086323957322987 0.32327586206896547 0.04364694471386997 0.06034482758620694
2 0.6488845780795345 0.23706896551724138 0.019398642095053233 0.029310344827586193
2 0.565470417070805 0.2448275862068966 0.027158098933074654 0.03793103448275861
2 0.5392822502424831 0.24913793103448273 0.034917555771096 0.0396551724137931
2 0.3132880698351116 0.4405172413793103 0.06983511154219205 0.09137931034482755
2 0.3627546071774975 0.3844827586206897 0.06207565470417073 0.08275862068965523
2 0.4117361784675073 0.4206896551724138 0.06886517943743939 0.1034482758620689
2 0.443258971871969 0.38189655172413794 0.05431619786614938 0.08103448275862064
2 0.4607177497575169 0.347413793103448 0.05237633365664397 0.08448275862068928
2 0.483996120271581 0.33275862068965517 0.03491755577109593 0.06551724137931032
2 0.4985451018428711 0.30775862068965515 0.04267701260911742 0.07068965517241381
2 0.5218234723569349 0.29741379310344823 0.036857419980601304 0.056896551724137934
2 0.46411251212415133 0.2991379310344828 0.04752667313288072 0.05689655172413797
2 0.6047526673132881 0.23793103448275865 0.02618816682832204 0.031034482758620675
0 0.561105722599418 0.618103448275862 0.07662463627546075 0.13620689655172405
0 0.9316197866149369 0.8508620689655172 0.055286129970901925 0.21896551724137922
5 0.3486905916585839 0.5620689655172414 0.037827352085354066 0.1448275862068966
5 0.27982541222114454 0.5344827586206897 0.03976721629485933 0.13448275862068967
5 0.19447138700290978 0.5379310344827586 0.026188166828322004 0.12413793103448277
5 0.1653734238603298 0.521551724137931 0.030067895247332714 0.11206896551724142
5 0.1382153249272551 0.4068965517241379 0.02036857419980601 0.1
5 0.15809893307468476 0.41551724137931034 0.015518913676042665 0.09310344827586199
5 0.3128031037827352 0.3112068965517241 0.014548981571289943 0.07758620689655174
5 0.7652764306498545 0.2681034482758621 0.013579049466537327 0.053448275862068934
5 0.7807953443258973 0.27241379310344827 0.013579049466537327 0.062068965517241385
2 0.7216294859359845 0.23793103448275865 0.017458777885548074 0.031034482758620675
