2 0.5325797872340425 0.2789598108747045 0.03856382978723403 0.04728132387706857
2 0.45611702127659576 0.34515366430260047 0.04521276595744685 0.07092198581560287
2 0.36037234042553196 0.3912529550827423 0.05053191489361701 0.07801418439716315
2 0.4335106382978725 0.38888888888888884 0.05319148936170218 0.08274231678486994
2 0.32779255319148937 0.41962174940898334 0.07047872340425526 0.10638297872340424
2 0.4055851063829785 0.4361702127659575 0.06117021276595747 0.08747044917257689
4 0.3962765957446808 0.3687943262411347 0.023936170212766044 0.07092198581560283
2 0.6030585106382979 0.35106382978723405 0.043882978723404305 0.06855791962174941
2 0.5977393617021276 0.4444444444444444 0.07047872340425534 0.09456264775413707
0 0.7486702127659575 0.5271867612293145 0.026595744680851068 0.10874704491725766
7 0.6761968085106383 0.27423167848699764 0.043882978723404166 0.08510638297872344
