2 0.5293440736478712 0.6083844580777096 0.09896432681242814 0.1738241308793456
2 0.2537399309551208 0.50920245398773 0.09551208285385503 0.14314928425357876
5 0.12755520714047033 0.5346063500147988 0.014762891778789023 0.11648374462905614
5 0.14231809891925937 0.5230629158623697 0.024211142517214002 0.12068135704812107
5 0.10895396349919619 0.4291413379857886 0.023620626846062455 0.10284150426709453
0 0.693057141301652 0.6022850106068202 0.07729850135373922 0.12928646250720455
5 0.9349827387802071 0.6789366053169735 0.028768699654775673 0.147239263803681
2 0.6231752649602209 0.32878341292087926 0.045093923978846394 0.06487219193100582
2 0.5069510442290275 0.2772672605050805 0.03489410784077414 0.05533216370585791
2 0.5560712114202708 0.2705892407474769 0.033283610555815316 0.041976124190650846
5 0.33570149959507467 0.3009878905034167 0.010199816138072464 0.06773420039855019
5 0.34536448330482755 0.2971718792133575 0.009126151281433294 0.060102177818431884
2 0.5716393518415392 0.24040871127372745 0.022546961989423197 0.0343441016105325
2 0.6594114538717939 0.2709368015942008 0.02845211870093891 0.04006811854562123
5 0.7646306098224358 0.26330477901408245 0.010199816138072321 0.04006811854562123
5 0.7785882529587453 0.2652127846591121 0.00912615128143301 0.041976124190650804
2 0.674632073535967 0.23955249959912847 0.01766652718762286 0.029025674043144552
2 0.7061586036631198 0.2402169481320023 0.01774652655601997 0.023652962541689106
2 0.6227686347331836 0.23327565027857744 0.013636255976724385 0.01938635001026352
3 0.6127687136835855 0.2319293759723092 0.0063635861224713595 0.025309956957844052
2 0.6565526396716672 0.23345101657567263 0.015353407449940591 0.02203746520009169
