7 0.9108170310701956 0.4989775129134914 0.17836593785960872 0.22494889085765757
5 0.9200230149597237 0.5869120654396728 0.03567318757192183 0.1267893660531697
5 0.9545454545454546 0.7576687116564418 0.0448791714614498 0.1656441717791411
0 0.3164556962025316 0.5736196319018405 0.07364787111622557 0.1533742331288344
5 0.28768699654775604 0.5061349693251533 0.03682393555811281 0.10838445807770959
4 0.6196777905638665 0.4325153374233129 0.031070195627157703 0.10429447852760731
5 0.7940161104718066 0.38343558282208584 0.027617951668584623 0.10020449897750515
2 0.696777905638665 0.5010224948875256 0.1392405063291139 0.11042944785276071
5 0.7812139438383467 0.28644646818006386 0.01712495446339517 0.048272542819248476
6 0.10064463283617282 0.487931864295188 0.03897403429600301 0.11963195394335494
0 0.3102776960949769 0.34993535601842324 0.030706814899881144 0.07870523285747033
