2 0.28121720881427076 0.48227611940298515 0.07135362014690459 0.09888059701492548
2 0.3719832109129066 0.4832089552238806 0.07240293809024138 0.10447761194029852
2 0.3226652675760755 0.43843283582089554 0.051416579223504684 0.0895522388059701
2 0.41657922350472193 0.43003731343283585 0.06505771248688355 0.09141791044776128
2 0.36253934942287513 0.38992537313432835 0.04931794333683101 0.0671641791044776
2 0.38929695697796435 0.3498134328358209 0.05036726128016788 0.06529850746268653
2 0.43966421825813223 0.39179104477611937 0.048268625393494205 0.07835820895522388
5 0.47219307450157394 0.3376865671641791 0.046169989506820476 0.08208955223880601
5 0.11857292759706191 0.5093283582089552 0.027282266526757616 0.12313432835820898
5 0.2885624344176286 0.3255597014925373 0.01888772298006298 0.08768656716417908
