2 0.7784156142365097 0.6489795918367346 0.1607347876004593 0.15918367346938758
2 0.3237657864523536 0.42755102040816323 0.07807118254879444 0.11632653061224488
2 0.38748564867967855 0.4408163265306122 0.06544202066590124 0.09795918367346935
2 0.42537313432835816 0.39693877551020407 0.05855338691159581 0.08367346938775512
2 0.6050516647531573 0.41326530612244894 0.05740528128587833 0.08775510204081634
0 0.7359357060849598 0.4755102040816327 0.025258323765786343 0.11020408163265309
0 0.5350172215843858 0.373469387755102 0.02296211251435132 0.09795918367346942
2 0.6044776119402985 0.31632653061224486 0.04018369690011475 0.06938775510204082
2 0.5574052812858783 0.2693877551020408 0.03329506314580932 0.04897959183673475
2 0.6871412169919633 0.2642857142857143 0.030998851894374298 0.0469387755102041
