0 0.35500575373993093 0.6462167689161555 0.07710011507479858 0.1513292433537832
0 0.31760644418872264 0.5725971370143149 0.0667433831990794 0.1349693251533742
5 0.5276179516685846 0.5603271983640081 0.026467203682393574 0.12269938650306748
5 0.7117376294591484 0.5828220858895697 0.03797468354430386 0.13087934560327177
6 0.7617951668584582 0.3916155419222904 0.02071346375143847 0.09611451942740289
2 0.3043728423475259 0.4447852760736196 0.0701956271576525 0.1329243353783231
2 0.39010356731875717 0.4468302658486708 0.07364787111622555 0.1002044989775051
2 0.36018411967779057 0.39672801635991817 0.06904487917146149 0.10224948875255628
2 0.42577675489067895 0.33537832310838445 0.05753739930955121 0.081799591002045
2 0.550632911392405 0.2730061349693252 0.028768699654775673 0.038854805725971386
5 0.43031238151629686 0.2590346623805063 0.012861431317680996 0.05079111027068752
5 0.7934047265383367 0.3128844477258653 0.010204252769711389 0.06465143094728337
5 0.7718870630891627 0.30184639853974377 0.01242256858921408 0.06149770260839148
5 0.7836441369325258 0.28962570122653775 0.009316926441910596 0.04967122133754696
5 0.5361641810380476 0.22814063894188358 0.005760034664181219 0.028928208233864296
5 0.5400459435291262 0.2314785091227141 0.006010470953928149 0.02492276401686773
2 0.5988984716196727 0.23637405205459883 0.02103664833874852 0.030263356306196487
