0 0.3215671062839411 0.723448275862069 0.038013964313421196 0.16137931034482747
0 0.25562451512800627 0.6806896551724136 0.039565554693561 0.17793103448275865
0 0.14158262218774237 0.9131034482758621 0.04732350659425913 0.17379310344827592
5 0.1194724592707525 0.5386206896551724 0.026377036462373927 0.12000000000000006
2 0.5310318076027929 0.54 0.07059736229635369 0.10896551724137936
2 0.573700543056633 0.41793103448275865 0.0550814584949574 0.09103448275862064
2 0.6109387121799843 0.3248275862068964 0.03956555469356066 0.056551724137931005
0 0.6485647788983706 0.5386206896551718 0.05585725368502713 0.1144827586206895
5 0.6861908456167573 0.5703448275862069 0.02404965089216461 0.13379310344827589
0 0.7478665632273082 0.5999999999999995 0.07602792862684317 0.12689655172413797
5 0.8525989138867339 0.5144827586206897 0.02792862684251361 0.0965517241379311
5 0.7979053529868113 0.4006896551724138 0.01784328937160595 0.07586206896551723
5 0.7808378588052753 0.3468965517241379 0.016291698991466177 0.06206896551724135
2 0.4204809930178433 0.34344827586206894 0.05275407292474789 0.07724137931034487
2 0.531419705197828 0.28827586206896566 0.03723816912335116 0.046896551724138
2 0.6900698215671064 0.2627586206896551 0.025601241272304242 0.031724137931034416
5 0.40341349883630717 0.26758620689655177 0.012412723041117174 0.055172413793103454
2 0.530643910007758 0.2517241379310345 0.027928626842513536 0.04551724137931032
2 0.5562451512800621 0.24344827586206896 0.02637703646237398 0.03724137931034484
5 0.7944142746314973 0.34758620689655173 0.015515903801396433 0.03862068965517238
