2 0.35402521823472377 0.48362068965517224 0.08535402521823475 0.10172413793103466
2 0.3355965082444229 0.41810344827586204 0.07565470417070809 0.10517241379310349
2 0.3714839961202716 0.3836206896551724 0.05237633365664401 0.08103448275862071
2 0.40397672162948595 0.35431034482758617 0.04364694471387004 0.0672413793103449
2 0.42725509214355 0.32844827586206904 0.04946653734238602 0.08103448275862071
2 0.4539282250242483 0.3103448275862069 0.042677012609117354 0.058620689655172385
2 0.4742967992240543 0.2939655172413793 0.044616876818622725 0.06034482758620683
2 0.604752667313288 0.4422413793103448 0.07856450048496605 0.09137931034482755
2 0.8428709990300678 0.538793103448276 0.12803103782735178 0.12241379310344841
0 0.3928225024248302 0.5517241379310349 0.07177497575169751 0.12758620689655234
2 0.6571290009699322 0.3241379310344828 0.04946653734238609 0.06551724137931032
2 0.6571290009699321 0.2508620689655172 0.030067895247332787 0.03275862068965516
2 0.6949563530552862 0.24913793103448278 0.024248302618816667 0.046551724137930996
0 0.48981571290009696 0.2543103448275862 0.0155189136760427 0.04655172413793103
5 0.7298739088263821 0.2508620689655172 0.010669253152279479 0.04655172413793098
0 0.9219204655674101 0.853448275862069 0.04752667313288072 0.21379310344827587
