2 0.5127723516153265 0.7716955941255008 0.1074380165289256 0.16555407209612827
2 0.5371900826446278 0.5420560747663553 0.08414725770097692 0.12817089452603456
2 0.6021788129226145 0.3531375166889185 0.04733283245679942 0.0787716955941255
6 0.7768595041322315 0.6802403204272364 0.03155522163786633 0.1562082777036047
0 0.6555221637866263 0.6128170894526034 0.07588279489105931 0.1335113484646196
5 0.8320811419984975 0.5193591455273698 0.02028549962434269 0.11214953271028037
2 0.9872276483846733 0.5660881174899864 0.025544703230653703 0.07476635514018688
0 0.71900826446281 0.321762349799733 0.015026296018031501 0.07209612817089457
0 0.759579263711495 0.35113484646194926 0.01352366641622836 0.07476635514018697
6 0.7501878287002254 0.36315086782376504 0.01577761081893314 0.08010680907877173
0 0.01990984222389181 0.6148197596795724 0.03981968444778362 0.14285714285714257
5 0.4455296769346356 0.24499332443257674 0.015026296018031573 0.05206942590120157
5 0.7761081893313297 0.287716955941255 0.01202103681442523 0.057409879839786376
2 0.5766341096919609 0.2356475300400534 0.021788129226145685 0.033377837116154864
2 0.6003005259203605 0.24098798397863816 0.022539444027047325 0.025367156208277706
2 0.6491359879789633 0.26034712950600797 0.02854996243426008 0.032042723631508674
2 0.6983471074380165 0.24966622162883845 0.023290758827948965 0.02937249666221632
