2 0.24493382529301758 0.5379928386869917 0.10452127379382631 0.1479658377720442
2 0.3707136632483001 0.384779985391116 0.05728002010170137 0.09129807011466554
2 0.5416679500466769 0.539042241791758 0.07676703724970288 0.11018732600045851
2 0.5943411185125634 0.42205784771619165 0.056060163459867314 0.07054477364845901
2 0.47199670948259753 0.30031536247963875 0.04052514506815193 0.05785641646772866
5 0.4286038021080272 0.25522717479412754 0.013710672393705537 0.056108554385387525
5 0.4497008578687641 0.24947905072100682 0.012069253867698535 0.05490745383279513
5 0.3505717908541399 0.29664620221499566 0.013513057093103954 0.05957904108943175
5 0.8124887507205395 0.46719537477731277 0.023333149115728417 0.10188603949838494
5 0.7687350040643534 0.24651407259521993 0.006999944734718611 0.042057609327821696
2 0.5424192337293534 0.25528261989350776 0.029443100877033074 0.04013836067680561
2 0.571459004457386 0.24202262574134878 0.029443100877033005 0.042288629998777374
2 0.5972721339934148 0.2355718177754336 0.022989818493025636 0.03082052694826146
5 0.5064646658195486 0.23403117122339054 0.007350967348482129 0.03316087630209559
5 0.537282182780493 0.2254897333880023 0.009330073942304224 0.020097500789148837
7 0.6418894741932057 0.2630778540230738 0.04759295758205333 0.10249617101398584
