0 0.6716779825412219 0.6043103448275864 0.08826382153249268 0.12586206896551747
0 0.6425800193986422 0.5810344827586207 0.09214354995150337 0.12758620689655167
0 0.3637245392822503 0.30603448275862066 0.019398642095053376 0.06724137931034484
0 0.47429679922405427 0.2629310344827587 0.015518913676042629 0.05000000000000004
5 0.30552861299709017 0.3146551724137931 0.017458777885548 0.06724137931034477
2 0.5368574199806013 0.28706896551724137 0.04170708050436467 0.056896551724137934
2 0.6125121241513094 0.33534482758620693 0.04752667313288079 0.07758620689655174
2 0.6745877788554802 0.29310344827586204 0.04170708050436474 0.04827586206896555
2 0.657129000969932 0.257758620689655 0.035887487875848605 0.04655172413793105
2 0.5926285160038798 0.24482758620689654 0.029097963142579956 0.041379310344827544
2 0.6105722599418041 0.2387931034482759 0.020368574199806037 0.032758620689655155
2 0.7133850630455868 0.24224137931034484 0.02036857419980606 0.02586206896551726
2 0.6726479146459748 0.24310344827586206 0.02036857419980606 0.027586206896551745
2 0.6372453928225025 0.23534482758620684 0.019398642095053226 0.025862068965517196
5 0.765761396702231 0.25344827586206903 0.008729388942773761 0.04137931034482767
