5 0.8789759503491078 0.5193103448275863 0.017067494181536063 0.10344827586206902
5 0.7808268449894683 0.3758125180958918 0.022076765083625816 0.08043230693271256
5 0.8063417947992326 0.4070202531857843 0.020991022538529622 0.07206734701171044
0 0.7050058239235726 0.5836495992100208 0.033296104716288015 0.1331959002805726
0 0.7781124886267275 0.5952318514083318 0.03329610471628811 0.14349123556795923
0 0.7474053370092215 0.3110439203444834 0.019268311033643074 0.06765901313334247
2 0.5605027199828817 0.5461375799027429 0.09056106185812354 0.1130505029569771
2 0.6053015431361023 0.34787097812592316 0.052024439790836825 0.07108478595022073
2 0.6619022067974294 0.31232858515081274 0.04190857649817417 0.05995102429536665
2 0.6409479185483423 0.2703628681440561 0.03371954430887584 0.044535046619415264
2 0.5368990389666686 0.2720757545524951 0.03757320651560448 0.044535046619415264
2 0.4564538404012079 0.30205126670017846 0.051061024239154734 0.05995102429536665
2 0.4155086794547164 0.36200229099554526 0.06454884196270474 0.0770798883797571
0 0.8327173406836674 0.8079351385685669 0.05129224397155838 0.20622295914401917
4 0.2699598230184439 0.7227907458742456 0.05420657601539698 0.16891629316821694
2 0.5133065486789625 0.8274566698619134 0.12356767865875447 0.19378740381875176
2 0.3404866584793368 0.5144951941760152 0.09850442308174287 0.12124666442135805
6 0.1037502207606523 0.47407963936889574 0.03147478607345633 0.10673851654187928
0 0.36254290625351493 0.3243348273271331 0.019817457898102117 0.07046814684318227
0 0.42112098033467005 0.2932459390139643 0.021566057124405305 0.07046814684318246
5 0.3887718946480622 0.28754630948988336 0.010491595357818753 0.030052592036063145
5 0.37915459890339503 0.2751107541646159 0.01107446176658641 0.054923702686598116
5 0.32640518890991727 0.30568149433923175 0.012823060992889594 0.06632296173475993
2 0.6586501163692785 0.2537931034482759 0.02482544608223435 0.03862068965517242
5 0.7723544339958999 0.25238431716922816 0.009047854542469622 0.04632900879324243
5 0.7652971074527736 0.25013221257511226 0.005790626907180467 0.035390215050393505
2 0.6990668122018959 0.25077567103057397 0.02461016435551741 0.035390215050393505
2 0.6020738115066218 0.2398368772877251 0.02026719417513199 0.032816381228546694
2 0.5812637460589417 0.2366195850104166 0.022076765083625886 0.031529464317623344
0 0.5591869809753158 0.23018500045579957 0.00977168290586718 0.03281638122854673
0 0.5492343409785992 0.2321153758221846 0.008685940360770843 0.032816381228546694
