2 0.5237633365664404 0.7215517241379311 0.09893307468477204 0.1706896551724138
2 0.192046556741028 0.5724137931034481 0.10087293889427737 0.13793103448275834
2 0.5838991270611058 0.41982758620689653 0.05819592628516007 0.0775862068965517
2 0.3840931134820562 0.4620689655172414 0.06207565470417073 0.09655172413793103
2 0.32104752667313285 0.43706896551724134 0.06789524733268675 0.10172413793103445
2 0.449078564500485 0.375 0.05237633365664401 0.08103448275862064
2 0.45974781765276435 0.30603448275862066 0.04267701260911742 0.06724137931034484
2 0.49757516973811833 0.278448275862069 0.03685741998060138 0.05
2 0.5674102812803103 0.25689655172413794 0.0329776915615907 0.04137931034482758
2 0.655674102812803 0.2637931034482759 0.02909796314258003 0.03793103448275865
2 0.6634335596508245 0.2482758620689655 0.021338506304558677 0.027586206896551745
2 0.7061105722599418 0.24482758620689654 0.017458777885547932 0.027586206896551745
2 0.6857419980601358 0.23793103448275865 0.0155189136760427 0.02413793103448274
2 0.6241513094083414 0.23620689655172414 0.02036857419980606 0.02758620689655171
7 0.5286129970902037 0.9551724137931035 0.17458777885548016 0.08965517241379302
0 0.8045586808923375 0.6637931034482759 0.03394762366634321 0.16206896551724134
0 0.07419980601357906 0.5672413793103448 0.032007759456838036 0.13448275862068962
0 0.038797284190106696 0.5870689655172413 0.042677012609117375 0.1465517241379311
0 0.008729388942774006 0.6137931034482759 0.01745877788554801 0.11379310344827594
5 0.13142580019398642 0.5387931034482759 0.02812803103782734 0.1120689655172415
5 0.1750727449078565 0.49396551724137927 0.01648884578079535 0.09482758620689652
5 0.8079534432589719 0.45 0.019398642095053445 0.09655172413793096
5 0.8026188166828322 0.37758620689655176 0.014548981571290085 0.08275862068965516
5 0.7875848690591658 0.37758620689655176 0.017458777885548074 0.08620689655172413
5 0.7948593598448107 0.3206896551724138 0.014548981571289943 0.062068965517241316
5 0.774490785645005 0.325 0.01842870999030069 0.08448275862068964
5 0.411251212415131 0.2637931034482759 0.011639185257032026 0.05172413793103452
5 0.23035887487875847 0.3560344827586207 0.01648884578079535 0.07758620689655174
6 0.6425800193986422 0.5939655172413792 0.04364694471386997 0.1293103448275862
6 0.7453928225024248 0.3241379310344828 0.02036857419980592 0.08965517241379317
