2 0.6896217264791465 0.2637931034482759 0.02521823472356928 0.03448275862068968
2 0.6629485935984483 0.2482758620689655 0.02036857419980592 0.041379310344827544
2 0.6857419980601358 0.2353448275862069 0.019398642095053445 0.025862068965517224
2 0.6256062075654704 0.30517241379310345 0.042677012609117285 0.05172413793103452
2 0.40591658583899126 0.34741379310344805 0.053346265761397 0.0637931034482761
2 0.37584869059165854 0.37758620689655176 0.05916585838991274 0.07586206896551723
2 0.34093113482056253 0.41034482758620683 0.06886517943743936 0.09655172413793103
2 0.2924345295829292 0.47413793103448276 0.07468477206595538 0.09655172413793096
7 0.9030067895247333 0.5060344827586206 0.19398642095053348 0.21206896551724136
0 0.8278370514064016 0.7543103448275863 0.039767216294859214 0.17068965517241416
0 0.7308438409311347 0.24827586206896549 0.012609117361784711 0.03793103448275861
2 0.7051406401551891 0.24741379310344824 0.017458777885547932 0.02586206896551726
5 0.20223084384093112 0.3896551724137931 0.01842870999030069 0.0758620689655173
5 0.18186226964112515 0.3870689655172414 0.014548981571290014 0.08448275862068969
5 0.49078564500484967 0.24482758620689654 0.009699321047526722 0.04482758620689651
5 0.7987390882638215 0.3793103448275862 0.02036857419980606 0.07586206896551723
5 0.7725509214354994 0.25775862068965516 0.01066925315227948 0.046551724137931065
