2 0.5271528316524438 0.7289655172413794 0.10628394103956545 0.16689655172413795
2 0.5907680372381691 0.38 0.05818463925523666 0.08965517241379302
2 0.6520558572536851 0.31724137931034485 0.0504266873545383 0.06068965517241384
7 0.17261442979053532 0.693103448275862 0.15748642358417378 0.22482758620689652
5 0.4468580294802172 0.25310344827586206 0.015515903801396362 0.04551724137931032
2 0.6527037864384713 0.25779662946182413 0.02855070554348046 0.03529110987881609
2 0.6805747132785346 0.27785938370800045 0.0380676073913071 0.05221150502619368
5 0.7519514771372363 0.29671353830079256 0.012779839624224536 0.05124462530348623
5 0.7696257234260574 0.29913073760756076 0.014411308512423346 0.0415758280764134
5 0.780774094162083 0.2971969781621462 0.008973078885093884 0.04254270779912066
5 0.7901550402692267 0.2962300984394389 0.008157344440994337 0.04544334696724256
0 0.734141275107732 0.26843230641160437 0.0114202822173921 0.042059267937767014
6 0.7281592225176692 0.2517536311949036 0.00978881332919329 0.045443346967242525
5 0.5481250373036424 0.22844503271320732 0.009196239356966132 0.030364804513237652
2 0.6982156710628393 0.24758620689655175 0.018619084561675693 0.037241379310344803
