2 0.6340621403912543 0.689161554192229 0.19102416570771005 0.19631901840490798
5 0.8636363636363638 0.8179959100204499 0.042577675489067844 0.19222903885480577
5 0.0995397008055236 0.49488752556237214 0.021864211737629466 0.1390593047034764
2 0.3699654775604143 0.4764826175869122 0.07940161104718065 0.12678936605316976
2 0.38434982738780205 0.41717791411042954 0.05063291139240504 0.07770961145194291
2 0.37054085155350974 0.3824130879345603 0.05983889528193323 0.09815950920245406
2 0.613348676639816 0.4550102249488753 0.11967779056386646 0.13701431492842545
5 0.7376294591484467 0.5306748466257669 0.03452243958573078 0.1411042944785276
5 0.8843498273878021 0.48261758691206547 0.03107019562715763 0.130879345603272
4 0.2566168009205984 0.4969325153374233 0.03682393555811277 0.11860940695296528
2 0.6605293440736478 0.3047034764826176 0.04602991944764085 0.081799591002045
2 0.5546605293440736 0.270961145194274 0.03912543153049484 0.04703476482617585
5 0.4297851950192049 0.2534726485236505 0.011003669016238149 0.053076710232868474
5 0.4183885378238154 0.26045642618587 0.011789645374540924 0.05028319916798065
