2 0.3496605237633365 0.4086206896551724 0.0649854510184287 0.08620689655172407
2 0.45004849660523766 0.3137931034482759 0.044616876818622725 0.055172413793103454
2 0.8268671193016481 0.5431034482758625 0.15421920465567393 0.10689655172413703
2 0.612027158098933 0.45603448275862063 0.07759456838021343 0.09482758620689659
2 0.6503394762366633 0.35431034482758617 0.04946653734238609 0.07758620689655171
2 0.6838021338506305 0.27586206896551724 0.0310378273520854 0.04482758620689655
2 0.7002909796314257 0.24051724137931033 0.0155189136760427 0.022413793103448293
2 0.6115421920465568 0.23275862068965517 0.018428709990300832 0.03448275862068968
2 0.6527643064985452 0.2353448275862069 0.015518913676042842 0.022413793103448255
0 0.8802133850630456 0.9103448275862069 0.06886517943743939 0.1793103448275862
0 0.9815712900096993 0.9698275862068965 0.03685741998060138 0.06034482758620683
0 0.8637245392822505 0.728448275862069 0.03976721629485866 0.1637931034482758
0 0.8001939864209504 0.7387931034482753 0.03685741998060151 0.18448275862068939
0 0.7211445198836082 0.6810344827586207 0.07662463627546061 0.1689655172413793
0 0.6459747817652765 0.6474137931034483 0.07371483996120252 0.14999999999999994
0 0.5130940834141611 0.5905172413793104 0.07371483996120276 0.1258620689655173
0 0.25994180407371487 0.7775862068965518 0.044616876818622725 0.2034482758620689
0 0.31474296799224055 0.36379310344827587 0.01648884578079535 0.08275862068965516
3 0.2890397672162949 0.5034482758620689 0.0310378273520854 0.1137931034482758
3 0.30164888457807953 0.45258620689655177 0.0329776915615907 0.09137931034482755
6 0.07565470417070806 0.49655172413793097 0.02909796314258003 0.12068965517241374
5 0.20320077594568378 0.3706896551724138 0.01842870999030069 0.0793103448275862
5 0.5155189136760427 0.23275862068965517 0.012609117361784711 0.03793103448275861
5 0.7715809893307468 0.253448275862069 0.014548981571290085 0.04827586206896552
5 0.7929194956353055 0.37241379310344824 0.018428709990300548 0.08275862068965516
5 0.8462657613967022 0.45689655172413796 0.016488845780795316 0.0896551724137931
5 0.7371483996120273 0.5793103448275861 0.031037827352085257 0.14137931034482762
5 0.9374393792434529 0.6974137931034483 0.03588748787584862 0.1603448275862069
5 0.4568380213385063 0.575 0.03879728419010668 0.11896551724137935
5 0.40543161978661496 0.5431034482758621 0.04073714839961198 0.13448275862068967
5 0.11299709020368574 0.5379310344827586 0.028128031037827322 0.12413793103448277
6 0.5538312318137731 0.2353448275862069 0.011639185257032026 0.043103448275862065
