2 0.5446168768186227 0.5655172413793104 0.08438409311348202 0.12758620689655176
2 0.6134820562560621 0.4034482758620689 0.061105722599418 0.09310344827586209
2 0.6765276430649856 0.2836206896551723 0.037827352085354204 0.06034482758620705
2 0.6508244422890397 0.27155172413793105 0.04073714839961205 0.05
2 0.5295829291949563 0.2586206896551724 0.03103782735208533 0.03793103448275861
2 0.5077594568380214 0.27068965517241383 0.0397672162948593 0.05172413793103448
2 0.4500484966052376 0.3112068965517241 0.048496605237633404 0.0568965517241379
2 0.43986420950533467 0.3801724137931035 0.06886517943743939 0.07758620689655167
2 0.3758486905916585 0.375 0.06692531522793385 0.09827586206896559
2 0.31571290009699315 0.5508620689655173 0.10572259941804074 0.13275862068965516
3 0.39136760426770123 0.43189655172413793 0.03394762366634332 0.09827586206896555
6 0.0906886517943744 0.5698275862068966 0.04752667313288069 0.143103448275862
5 0.3933074684772066 0.27586206896551724 0.02618816682832204 0.05172413793103448
5 0.43161978661493694 0.2525862068965517 0.011639185257032026 0.0396551724137931
5 0.9233753637245394 0.7146551724137932 0.04655674102812796 0.16379310344827594
5 0.6503394762366635 0.556896551724138 0.02812803103782734 0.12068965517241381
5 0.9354995150339477 0.6163793103448276 0.030067895247332645 0.10517241379310356
2 0.584384093113482 0.23706896551724135 0.020368574199806134 0.03620689655172416
2 0.6042677012609118 0.2353448275862069 0.02327837051406405 0.022413793103448255
2 0.6275460717749758 0.23620689655172414 0.019398642095053376 0.03448275862068968
2 0.6401551891367603 0.23448275862068965 0.02327837051406405 0.03103448275862071
2 0.6818622696411251 0.24137931034482762 0.019398642095053306 0.03448275862068964
5 0.7613967022308438 0.25775862068965516 0.00775945683802135 0.046551724137931065
5 0.7701260911736179 0.24310344827586206 0.009699321047526722 0.03448275862068964
