2 0.5310701956271575 0.6134969325153375 0.08400460299194482 0.1472392638036811
2 0.5723889945436345 0.4792385338169708 0.06300802211187147 0.10619959420234665
2 0.5905768772151024 0.3811193435213245 0.05391408077613747 0.08542141272797445
2 0.6493627122782405 0.3326369200811228 0.0493671101082704 0.06464323125360227
2 0.6379952856085729 0.28877187030189266 0.033127929151602446 0.04617373660971591
0 0.6077904090291705 0.25298722442936283 0.009093941335733859 0.03693898928777273
5 0.7825239961229172 0.2818458098104352 0.010393075812267512 0.05540848393165902
5 0.7724557039297832 0.2743425776113564 0.009743508574000543 0.04271070636398715
5 0.5377464960814766 0.23040181439143445 0.005999952629758667 0.02724859195887042
5 0.7357621541956161 0.2351913496613104 0.007333275436371736 0.03388303174016066
2 0.6835493522195415 0.2381468182816861 0.014933550807751885 0.029331866181322077
2 0.6361047699228117 0.23358453275200616 0.01352355964633837 0.019137122370094878
