2 0.2684251357641583 0.5137931034482759 0.0791311093871218 0.12275862068965523
2 0.33630721489526766 0.42965517241379303 0.07059736229635377 0.09793103448275865
2 0.37354538401861903 0.37724137931034485 0.05352986811481763 0.08689655172413793
2 0.4359968968192397 0.32620689655172413 0.05275407292474782 0.0758620689655173
2 0.49767261442979055 0.31448275862068964 0.044220325833979786 0.052413793103448326
2 0.482544608223429 0.2889655172413793 0.034134988363072126 0.053793103448275835
2 0.6536074476338246 0.3358620689655173 0.03491078355314201 0.05655172413793103
2 0.6737781225756401 0.296551724137931 0.03646237393328164 0.06620689655172413
2 0.5550814584949574 0.2710344827586207 0.03180760279286275 0.05655172413793107
5 0.8886733902249806 0.64 0.028704422032583353 0.129655172413793
5 0.8576415826221877 0.6358620689655173 0.025601241272304093 0.13241379310344825
5 0.8591931730023273 0.4951724137931035 0.022498060512024694 0.0937931034482758
5 0.8242823894491855 0.4862068965517244 0.01784328937160595 0.10344827586206926
0 0.8149728471683475 0.5841379310344829 0.020946470131885348 0.12000000000000006
0 0.6547711404189296 0.5896551724137931 0.07447633824670258 0.12827586206896552
0 0.704034134988363 0.45448275862068965 0.03025601241272298 0.09241379310344826
5 0.7707525213343678 0.2827586206896552 0.013188518231186918 0.055172413793103454
5 0.20830100853374706 0.36482758620689654 0.022498060512024874 0.09241379310344834
0 0.3180760279286268 0.3524137931034483 0.02017067494181532 0.08137931034482758
4 0.5108611326609774 0.2868965517241379 0.016291698991466177 0.05793103448275861
0 0.4856477889837083 0.38000000000000006 0.01706749418153599 0.08689655172413781
6 0.5068113528230738 0.245267198682036 0.01085742545096359 0.045627054114556954
0 0.5270456457089604 0.2414649441724896 0.010528412558510069 0.03802254509546412
2 0.6135760364242152 0.23561532185011047 0.021714850901927037 0.029833073844133366
2 0.6316717455091545 0.23356795403727776 0.01842472197739255 0.029248111611895455
2 0.7076737236658991 0.24204990640472748 0.021056825117020138 0.026323300450705956
4 0.6775690440064094 0.23971005747577587 0.010857425450963519 0.03334284723756085
0 0.5816617858562315 0.22976569952773138 0.007896309418882624 0.026323300450705956
0 0.5915321726298347 0.2315205862244451 0.007896309418882553 0.031002998308609194
