5 0.22073366364052918 0.5544156201461862 0.020166507450022523 0.11324751762384451
5 0.7907730934198139 0.6864912369653028 0.0418453813160373 0.18759823556254104
2 0.7551094161618278 0.5141036691510757 0.1378995520642134 0.1436563065118559
0 0.6311852704257767 0.6533742331288344 0.06789413118527043 0.15337423312883444
2 0.33200023408195917 0.4376415524500619 0.06775946503207585 0.09031131152281276
2 0.3699132680880017 0.3964280571122704 0.06130618264806863 0.07382591338769601
2 0.45562092475059757 0.37313347279090997 0.05848287160506544 0.08314374711624026
2 0.40117135463553666 0.35736483109645073 0.05364290981706006 0.0831437471162403
2 0.4907106477136368 0.2889145910136839 0.0391230244530437 0.06092429745586564
3 0.5715783425882274 0.26346973737035173 0.012906564768014448 0.04873943796469256
1 0.6161463240527771 0.22512326779518915 0.02621645968502925 0.045155655761406344
5 0.7979356992447625 0.35854456261162837 0.013939283887318368 0.07054477364845901
5 0.7550572498957286 0.2788451236805449 0.008181753586034688 0.05762054030828335
5 0.7708147012466102 0.2796528882643059 0.007575697764847007 0.050619913915688174
5 0.7823297618491776 0.28315320146060347 0.010605976870785697 0.05331246252822474
5 0.13956978459315245 0.4238859815092211 0.01693986625801896 0.08457725999755475
2 0.6671240197391478 0.24611550497893794 0.01889655640818333 0.03196263567098303
2 0.6894356164620631 0.2392374694548024 0.01707520157365934 0.03277181632088134
2 0.7051448019098298 0.24712698079131087 0.01935189511681415 0.0250846001468474
