1 0.2386032977691562 0.7482758620689656 0.37827352085354027 0.503448275862069
7 0.5945683802133851 0.45948275862068966 0.08341416100872948 0.11551724137931033
0 0.6508244422890397 0.5370689655172414 0.05819592628515999 0.1155172413793104
6 0.6542192046556741 0.596551724137931 0.061105722599418044 0.11034482758620691
6 0.6464597478176528 0.5689655172413793 0.06304558680892342 0.10689655172413794
5 0.9044616876818623 0.6870689655172413 0.030067895247332787 0.14999999999999994
5 0.9233753637245394 0.6775862068965517 0.02327837051406405 0.1379310344827585
5 0.9529582929194954 0.6784482758620685 0.03006789524733268 0.13620689655172388
5 0.3355965082444229 0.29741379310344823 0.019398642095053376 0.06034482758620694
5 0.3651794374393792 0.28793103448275864 0.01260911736178464 0.05862068965517242
5 0.3996120271580989 0.26724137931034486 0.015518913676042629 0.05862068965517242
5 0.7686711930164889 0.2517241379310345 0.010669253152279339 0.05172413793103445
2 0.5989330746847721 0.3612068965517241 0.04752667313288072 0.07068965517241381
2 0.6362754607177498 0.29568965517241375 0.03879728419010675 0.05344827586206897
2 0.5518913676042677 0.25172413793103443 0.027158098933074654 0.03448275862068964
2 0.5805043646944713 0.24137931034482762 0.022308438409311435 0.02758620689655171
2 0.6032977691561591 0.24137931034482762 0.02327837051406398 0.02758620689655171
2 0.6459747817652765 0.2663793103448276 0.03297769156159063 0.039655172413793134
7 0.6653734238603297 0.2422413793103448 0.02521823472356928 0.04655172413793103
2 0.6168768186226964 0.2353448275862069 0.021338506304558677 0.029310344827586193
2 0.6319107662463628 0.23793103448275865 0.022308438409311293 0.02413793103448274
2 0.7133850630455868 0.24224137931034484 0.01842870999030069 0.02586206896551726
2 0.6799224054316199 0.24310344827586206 0.02327837051406405 0.027586206896551745
5 0.5111542192046556 0.2336206896551724 0.009699321047526722 0.04655172413793103
