2 0.0608564988730278 0.7997329773030708 0.1217129977460556 0.2403204272363152
2 0.5187828700225394 0.6929238985313753 0.11495116453794146 0.17890520694259016
2 0.21374906085649886 0.5587449933244316 0.09391435011269715 0.12950600801068085
0 0.03193087903831706 0.5387182910547397 0.04432757325319309 0.11615487316421898
5 0.1386175807663411 0.5133511348464619 0.033809166040570986 0.1321762349799733
0 0.6558978211870774 0.595460614152203 0.0661157024793389 0.13084112149532715
0 0.7528174305033808 0.42256341789052065 0.018031555221637914 0.09479305740987984
0 0.7483095416979715 0.35180240320427236 0.021036814425244188 0.06542056074766353
5 0.7862509391435012 0.3544726301735648 0.018782870022539554 0.09212283044058743
5 0.2021036814425244 0.3758344459279039 0.02854996243425994 0.09212283044058743
5 0.36664162283997004 0.27970627503337797 0.015026296018031652 0.06809078771695595
0 0.3474830954169797 0.308411214953271 0.01577761081893314 0.0667556742323097
0 0.3271975957926371 0.3464619492656875 0.023290758827948926 0.06275033377837111
7 0.5123966942148761 0.25100133511348466 0.04357625845229151 0.07743658210947928
2 0.3095416979714501 0.5700934579439242 0.09316303531179569 0.1361815754339118
2 0.2817430503380917 0.45660881174899864 0.07362885048835462 0.13351134846461946
2 0.3384673178061609 0.4185580774365822 0.04733283245679946 0.09212283044058743
2 0.3820435762584523 0.4559412550066756 0.06987227648384668 0.1134846461949266
2 0.3816679188580015 0.35180240320427236 0.05259203606311047 0.09746328437917218
2 0.42674680691209615 0.3938584779706275 0.05709992486851988 0.0854472630173565
2 0.42787377911344854 0.3251001335113484 0.041322314049586736 0.06008010680907873
2 0.4695717505634861 0.3417890520694259 0.04808414725770092 0.0720961281708945
2 0.46205860255447034 0.294392523364486 0.0375657400450789 0.0600801068090788
2 0.5105184072126221 0.29572763684913217 0.04282494365138987 0.068090787716956
2 0.5679939894815927 0.2570093457943925 0.03155522163786628 0.041388518024032026
2 0.5428249436513898 0.25367156208277697 0.020285499624342545 0.045393858477970686
2 0.5905334335086401 0.24833110814419224 0.027047332832456875 0.03738317757009341
2 0.6551465063861758 0.2570093457943925 0.030052592036063145 0.041388518024032026
2 0.6299774605559729 0.2930574098798398 0.03380916604057113 0.046728971962616835
2 0.6558978211870774 0.3417890520694259 0.04507888805409472 0.05874499332443257
0 0.7501878287002255 0.2516688918558077 0.014274981217130006 0.04138851802403206
