0 0.7601123595505618 0.7065868263473053 0.034831460674157315 0.1796407185628742
0 0.8146067415730337 0.6926147704590818 0.04044943820224717 0.15169660678642713
0 0.2280898876404494 0.40818363273453095 0.029213483146067424 0.1097804391217565
2 0.32359550561797756 0.4411177644710578 0.06966292134831463 0.09980039920159677
2 0.39719101123595507 0.4281437125748503 0.057303370786516865 0.1017964071856288
2 0.4713483146067416 0.2944111776447106 0.04382022471910119 0.05788423153692609
2 0.6146067415730336 0.3003992015968064 0.04494382022471911 0.05389221556886227
2 0.5207865168539326 0.26946107784431134 0.034831460674157315 0.051896207584830344
2 0.5741573033707865 0.25449101796407186 0.026966292134831493 0.04990019960079842
4 0.36235955056179775 0.2884231536926148 0.012359550561797761 0.06586826347305394
4 0.35056179775280893 0.2894211576846308 0.011235955056179777 0.055888223552894196
4 0.800561797752809 0.4031936127744511 0.01910112359550567 0.0878243512974052
4 0.770482603815937 0.2564870259481038 0.016835016835016887 0.041916167664670635
