2 0.30337519623233905 0.4616457461645746 0.06514913657770798 0.10599721059972105
2 0.3928571428571428 0.4365411436541144 0.06043956043956016 0.09483960948396085
2 0.3414442700156986 0.41562064156206413 0.05337519623233913 0.0864714086471409
2 0.36930926216640514 0.37726638772663873 0.0478806907378337 0.0627615062761506
2 0.42700156985871274 0.39958158995815923 0.05023547880690748 0.09344490934449133
2 0.40070643642072207 0.3514644351464431 0.047880690737833326 0.06694560669456032
2 0.4532967032967029 0.3675034867503485 0.04788069073783356 0.07391910739191049
2 0.42239283738693395 0.3202326486454277 0.039246467817896445 0.05492958533274484
2 0.605180533751962 0.40516039051603836 0.051805337519622616 0.08507670850767075
2 0.7001569858712713 0.5097629009762902 0.1350078492935636 0.10739191073919147
0 0.5914442700156985 0.2573221757322176 0.016483516483516494 0.05160390516039055
0 0.7759026687598117 0.5746164574616457 0.03846153846153854 0.13947001394700137
0 0.7323390894819465 0.5739191073919108 0.03139717425431698 0.11576011157601115
5 0.9340659340659332 0.7008368200836821 0.03139717425431697 0.15481171548117145
5 0.7982731554160125 0.40376569037656906 0.0188383045525903 0.096234309623431
0 0.5086342229199372 0.23430962343096234 0.01412872841444269 0.04184100418410044
0 0.7331240188383046 0.24965132496513248 0.01569858712715856 0.047419804741980445
5 0.7723704866562009 0.25383542538354253 0.014128728414442833 0.05299860529986052
2 0.4733124018838305 0.3430962343096234 0.04395604395604394 0.06415620641562068
2 0.44649034554583567 0.3075909674079617 0.028257456828885377 0.04881450488145036
2 0.5007849293563575 0.3145048814504882 0.03924646781789646 0.05439330543933061
2 0.663786626596544 0.3130841121495327 0.04733283245679942 0.06542056074766357
2 0.6412471825694966 0.2683578104138852 0.03230653643876785 0.04005340453938586
2 0.6938392186326071 0.2556742323097463 0.027798647633358264 0.04672897196261682
2 0.46619083395942906 0.294392523364486 0.027798647633358372 0.04405874499332435
2 0.5221637866265966 0.2983978638184246 0.03155522163786628 0.052069425901201644
2 0.5221637866265967 0.2576769025367156 0.028549962434260015 0.03204272363150867
