2 0.5327963176064442 0.6533742331288344 0.09436133486766395 0.15337423312883444
2 0.550632911392405 0.48057259713701433 0.06789413118527043 0.09815950920245399
4 0.6001150747986191 0.40490797546012275 0.031070195627157626 0.08588957055214727
5 0.8308400460299193 0.483640081799591 0.03452243958573064 0.12065439672801631
5 0.883199079401611 0.5112474437627812 0.037974683544303785 0.12269938650306748
2 0.39758342922899886 0.43762781186094074 0.06789413118527043 0.12269938650306748
2 0.5138089758342923 0.2995910020449898 0.04718066743383197 0.07975460122699381
2 0.47928653624856155 0.28629856850715746 0.042577675489067844 0.05725971370143146
5 0.23878020713463752 0.3537832310838446 0.028768699654775604 0.08997955010224942
1 0.18872268729434874 0.8159509202453988 0.37744530435261436 0.36809815950920244
5 0.411880910356057 0.28249035195143685 0.015702355367137245 0.06021517806218217
5 0.7964463975880816 0.35047241936202267 0.02129583186722371 0.07332418387923599
