2 0.1542192046556741 0.6120689655172414 0.12803103782735206 0.15517241379310356
2 0.5455868089233753 0.5094827586206897 0.07662463627546068 0.11896551724137935
2 0.5935984481086324 0.4086206896551724 0.06013579049466529 0.08275862068965516
2 0.9718719689621728 0.5698275862068966 0.05625606207565468 0.07068965517241388
2 0.6779825412221144 0.28620689655172415 0.03297769156159063 0.04482758620689655
2 0.5955383123181377 0.24310344827586206 0.029097963142580098 0.04137931034482758
2 0.5053346265761397 0.2724137931034482 0.03879728419010668 0.05517241379310354
2 0.44519883608147415 0.3094827586206895 0.044616876818622704 0.0741379310344828
7 0.37584869059165854 0.3655172413793103 0.06886517943743932 0.11034482758620691
0 0.2419980601357905 0.41379310344827586 0.022308438409311328 0.08620689655172413
0 0.08438409311348206 0.5724137931034483 0.03685741998060138 0.12758620689655176
0 0.7114451988360816 0.47586206896551725 0.022308438409311293 0.11379310344827587
0 0.8477206595538312 0.718103448275862 0.042677012609117354 0.17758620689655175
0 0.6644034917555771 0.572413793103448 0.06983511154219199 0.12413793103448346
0 0.6566440349175557 0.5913793103448276 0.07177497575169724 0.12758620689655176
5 0.6566440349175556 0.6120689655172413 0.019398642095053306 0.15172413793103445
5 0.9291949563530553 0.7198275862068965 0.03685741998060138 0.15344827586206905
5 0.7783705140640155 0.33189655172413796 0.014548981571289943 0.07413793103448285
5 0.7861299709020366 0.32327586206896536 0.01648884578079574 0.056896551724137906
5 0.4427740058195926 0.2508620689655172 0.01260911736178464 0.04999999999999996
2 0.6988360814742967 0.24827586206896549 0.028128031037827413 0.03793103448275861
2 0.6842870999030068 0.23448275862068965 0.024248302618816667 0.03448275862068968
