2 0.3043728423475259 0.46625766871165647 0.0678941311852704 0.12678936605316976
2 0.39585730724971235 0.4447852760736197 0.06904487917146154 0.12065439672801638
2 0.34522439585730724 0.40593047034764823 0.062140391254315336 0.0920245398773006
2 0.3826237054085155 0.36912065439672803 0.051783659378596025 0.07157464212678938
2 0.66283084004603 0.33537832310838445 0.03912543153049484 0.06952965235173825
2 0.6386651323360184 0.29038854805725967 0.03682393555811288 0.053169734151329244
5 0.30609896432681244 0.3108384458077709 0.018411967779056404 0.0777096114519427
5 0.45333963042685566 0.24419843978602654 0.005905156711515574 0.04483813265819521
5 0.46246578170828895 0.2470604482535709 0.009126151281433223 0.042930127013165634
5 0.4723971816322016 0.24467544119728393 0.007515653996474398 0.04388412983568042
