2 0.4018369690011481 0.423469387755102 0.061997703788748526 0.10408163265306115
2 0.46988233952532377 0.3510905319473066 0.04869088615068705 0.05743808189460367
2 0.466562506378686 0.29876679981044163 0.04382179753561829 0.05979855101356005
2 0.6044462430690408 0.36407311210156634 0.04426444195517007 0.07553501180660213
2 0.6190535089142469 0.30545479564748457 0.03718213124234282 0.05114349757738683
7 0.676073265576214 0.2706495718880356 0.04160857543785994 0.07868230396521046
2 0.6068841065567321 0.238605713237582 0.02194931006041486 0.033813882695792934
2 0.6329517068879555 0.23548906027690134 0.020897485119187636 0.03270493506308356
5 0.11432141501278219 0.4299765340580693 0.0148142726303076 0.09082241219944386
5 0.817692997005814 0.44260341772438694 0.017925269882671985 0.10209191506229785
5 0.5073722223113956 0.2313953631330385 0.010176395205493662 0.039034290997140925
