2 0.3268671193016489 0.4258620689655172 0.06789524733268677 0.0965517241379311
2 0.3642095053346266 0.3939655172413793 0.05916585838991267 0.08103448275862064
2 0.40591658583899126 0.3491379310344827 0.04946653734238609 0.0637931034482758
2 0.4248302618816682 0.32499999999999996 0.04461687681862264 0.06034482758620689
2 0.45538312318137725 0.30689655172413793 0.0397672162948593 0.05862068965517242
3 0.26479146459747815 0.486206896551724 0.04655674102812814 0.10689655172413769
0 0.3443258971871968 0.3189655172413793 0.017458777885548 0.07241379310344823
6 0.8486905916585841 0.7448275862068965 0.034917555771096 0.15517241379310348
0 0.8011639185257029 0.6663793103448274 0.03491755577109644 0.1672413793103447
0 0.7667313288069835 0.5706896551724138 0.03200775945683816 0.13448275862068967
0 0.7225994180407372 0.3991379310344827 0.027158098933074512 0.08793103448275864
0 0.7410281280310378 0.2655172413793104 0.013579049466537327 0.044827586206896586
5 0.7783705140640156 0.2655172413793104 0.010669253152279339 0.05172413793103452
5 0.7657613967022309 0.2629310344827587 0.016488845780795316 0.05000000000000004
5 0.8399612027158099 0.6025862068965517 0.02909796314258003 0.12586206896551722
5 0.9010669253152279 0.6232758620689655 0.0310378273520854 0.1258620689655173
5 0.931619786614937 0.5965517241379311 0.02618816682832204 0.11379310344827594
5 0.9345295829291951 0.6284482758620689 0.033947623666343386 0.12931034482758627
2 0.6576139670223085 0.2525862068965517 0.025218234723569422 0.0396551724137931
2 0.7007759456838022 0.24655172413793103 0.02036857419980592 0.03103448275862071
2 0.7230843840931135 0.23706896551724138 0.016488845780795458 0.022413793103448255
2 0.6323957322987391 0.23189655172413792 0.019398642095053233 0.022413793103448255
