2 0.6420950533462657 0.46551724137931033 0.08923375363724538 0.12068965517241381
2 0.5989330746847721 0.39741379310344827 0.055286129970901994 0.09137931034482762
2 0.6226964112512124 0.328448275862069 0.042677012609117354 0.07068965517241384
2 0.6416100872938894 0.27241379310344827 0.030067895247332714 0.04827586206896552
2 0.6542192046556741 0.25862068965517243 0.03394762366634325 0.04827586206896555
2 0.6711930164888459 0.2456896551724138 0.021338506304558677 0.03620689655172413
2 0.7080504364694471 0.23879310344827587 0.02327837051406391 0.03275862068965516
2 0.9510184287099903 0.5517241379310345 0.09796314258001942 0.11034482758620691
5 0.9282250242483027 0.5887931034482758 0.027158098933074654 0.13620689655172413
5 0.8016488845780796 0.42758620689655175 0.016488845780795458 0.10000000000000007
5 0.7769156159068864 0.3344827586206898 0.017458777885547942 0.07241379310344849
5 0.7783705140640155 0.27241379310344827 0.014548981571289943 0.0724137931034483
5 0.14500484966052377 0.4241379310344828 0.012609117361784659 0.1
5 0.1333656644034917 0.4172413793103448 0.014548981571290052 0.12413793103448273
0 0.23763336566440352 0.3793103448275862 0.01939864209505334 0.09310344827586213
0 0.3089233753637245 0.36379310344827587 0.020368574199806026 0.08965517241379306
0 0.43404461687681833 0.2784482758620686 0.016488845780795777 0.06724137931034482
0 0.40785645004849663 0.29310344827586204 0.01842870999030069 0.08620689655172413
5 0.4806013579049467 0.23706896551724138 0.01260911736178464 0.04655172413793103
0 0.8205625606207566 0.5000000000000001 0.04849660523763344 0.11724137931034467
0 0.7895247332686712 0.5655172413793104 0.03297769156159063 0.12758620689655176
0 0.7444228903976718 0.5594827586206895 0.030067895247332665 0.14310344827586194
0 0.8195926285160039 0.8060344827586207 0.05625606207565468 0.18448275862068952
0 0.9767216294859361 0.9077586206896552 0.04655674102812796 0.1844827586206897
