5 0.1615326821938392 0.5600801068090787 0.025544703230653686 0.10814419225634175
5 0.169045830202855 0.5420560747663551 0.036063110443275745 0.11748998664886515
3 0.28136739293764085 0.472630173564753 0.03981968444778367 0.11214953271028037
2 0.3343350864012021 0.42323097463284376 0.06912096168294521 0.1068090787716956
2 0.4222389181066866 0.4072096128170895 0.057099924868519655 0.08544726301735657
2 0.3677685950413223 0.3858477970627503 0.05484598046581517 0.09345794392523352
2 0.4154770848985725 0.342456608811749 0.04357625845229151 0.05740987983978641
2 0.439519158527423 0.32242990654205606 0.04207362885048831 0.06542056074766353
2 0.4575507137490608 0.3037383177570094 0.0375657400450789 0.052069425901201644
0 0.4421487603305785 0.2690253671562083 0.017280240420736347 0.049399198931909256
0 0.7783621337340346 0.7096128170894525 0.051089406461307336 0.16955941255006665
0 0.7054845980465817 0.4045393858477971 0.022539444027047325 0.09345794392523367
0 0.7295266716754318 0.26034712950600797 0.015026296018031494 0.04806408544726299
5 0.8906836964688205 0.4732977303070761 0.023290758827948822 0.11615487316421898
2 0.7828700225394439 0.5240320427236314 0.14124718256949603 0.11081441922563413
2 0.9789631855747558 0.5720961281708945 0.042073628850488376 0.0921228304405875
2 0.6115702479338845 0.36248331108144194 0.046581517655898165 0.07076101468624846
2 0.503756574004508 0.3104138851802404 0.05184072126220882 0.06275033377837119
2 0.5458302028549962 0.27303070761014686 0.03230653643876792 0.041388518024032095
2 0.5240420736288505 0.26034712950600797 0.026296018031555235 0.04005340453938583
2 0.47708489857250186 0.287716955941255 0.030052592036063076 0.04405874499332441
7 0.599549211119459 0.21829105473965285 0.033057851239669415 0.06275033377837115
5 0.7749812171299775 0.3164218958611482 0.02028549962434269 0.06408544726301735
5 0.791885800150263 0.315086782376502 0.013523666416228366 0.0640854472630173
5 0.7854996243425996 0.27770360480640854 0.017280240420736278 0.0453938584779706
