7 0.23935558112773303 0.6032719836400818 0.15880322209436135 0.2535787321063395
2 0.10932105868814729 0.7310838445807771 0.1772151898734177 0.2106339468302658
2 0.28135788262370537 0.4693251533742331 0.07249712313003454 0.11656441717791409
2 0.3613348676639816 0.49897750511247446 0.0828538550057537 0.11451942740286299
2 0.3319907940161104 0.4141104294478528 0.05178365937859606 0.07157464212678938
2 0.3981588032220944 0.4406952965235174 0.06214039125431526 0.1002044989775051
4 0.36018411967779057 0.38957055214723924 0.025316455696202524 0.07157464212678938
0 0.8020713463751438 0.4754601226993866 0.05753739930955121 0.09611451942740296
5 0.8406214039125431 0.5715746421267894 0.024165707710011475 0.10838445807770966
5 0.8107019562715766 0.5756646216768917 0.021864211737629518 0.10020449897750516
2 0.9073647871116225 0.5552147239263803 0.13693901035673192 0.09202453987730067
2 0.6887226697353279 0.48670756646216773 0.12313003452243962 0.11042944785276078
2 0.6478711162255466 0.37321063394683024 0.05293440736478708 0.09611451942740282
2 0.6248561565017262 0.3149284253578732 0.03912543153049491 0.065439672801636
2 0.46490218642117376 0.3476482617586912 0.04602991944764099 0.0736196319018405
2 0.4326812428078251 0.39672801635991817 0.04602991944764099 0.08588957055214727
2 0.3981588032220944 0.35582822085889565 0.04833141542002295 0.06952965235173832
2 0.4487917146144994 0.31799591002044986 0.04833141542002295 0.07157464212678938
0 0.11680092059838895 0.5030674846625768 0.026467203682393557 0.11451942740286292
0 0.029344073647871127 0.5541922290388547 0.05408515535097815 0.09815950920245418
5 0.08227848101265824 0.46625766871165647 0.024165707710011527 0.1022494887525562
5 0.058688147295742225 0.4754601226993866 0.020713463751438434 0.08793456032719839
0 0.2963176064441887 0.3793456032719837 0.026467203682393574 0.0756646216768916
0 0.41320527664529394 0.28373361311932227 0.016648052358144056 0.050833217981474374
5 0.38913798356232493 0.2856639884857074 0.010495511269264811 0.050833217981474374
5 0.3784615152022107 0.2808380500697447 0.00940976872416833 0.050189759526012734
5 0.36832791811464477 0.2943506776344404 0.005790626907180538 0.030886005862161597
5 0.3630801624800124 0.28083805006974466 0.011219339632662298 0.05533742716970625
5 0.4897501260745869 0.23708287509834902 0.011219339632662298 0.037320590416778605
2 0.6679928605612383 0.24769993961346706 0.02533399271891497 0.03152946431762331
5 0.7787386001610662 0.2724730901487426 0.007962111997373284 0.034746756594931795
5 0.762452461984621 0.26475158868320214 0.005066798543782908 0.015443002931080798
5 0.7753004154349279 0.25831700412858516 0.006152541088879246 0.02831217204031482
5 0.7671573463467053 0.2596039210395086 0.006514455270578168 0.0270252551293914
