1 0.2723041117145072 0.7648275862068964 0.4871993793638476 0.4703448275862066
0 0.5632273079906905 0.5848275862068966 0.08378588052754082 0.1351724137931034
6 0.7858805275407292 0.6772413793103448 0.04965089216446856 0.16275862068965524
5 0.9685802948021722 0.6627586206896551 0.027152831652443723 0.13379310344827589
5 0.9394879751745538 0.6682758620689655 0.02792862684251361 0.1586206896551724
5 0.8487199379363848 0.5703448275862069 0.02482544608223435 0.12
5 0.7843289371605896 0.2813793103448276 0.010861132660977546 0.055172413793103454
5 0.7723041117145073 0.2813793103448276 0.01008533747090766 0.05793103448275861
4 0.5938712179984484 0.2551724137931035 0.01474010861132662 0.04965517241379313
2 0.41272304111714503 0.4151724137931035 0.06671838634600469 0.09931034482758616
2 0.330488750969744 0.4393103448275862 0.06826997672614428 0.09517241379310341
2 0.36501163692785105 0.3931034482758621 0.05508145849495733 0.07172413793103452
2 0.3906128782001552 0.35034482758620683 0.04887509697439874 0.052413793103448326
2 0.4375484871993794 0.3751724137931035 0.04965089216446849 0.06068965517241374
2 0.4615981380915439 0.3482758620689655 0.0465477114041893 0.0648275862068965
2 0.4177657098525989 0.33655172413793105 0.04266873545384023 0.06620689655172413
2 0.4856477889837083 0.32 0.04344453064390997 0.06896551724137936
2 0.44336695112490304 0.3131034482758619 0.03335919317300241 0.06620689655172406
2 0.46780449961210235 0.2958620689655172 0.03103180760279294 0.045517241379310354
2 0.4883630721489527 0.28551724137931034 0.03180760279286268 0.05241379310344829
2 0.5861132660977502 0.3710344827586207 0.048875096974398964 0.07448275862068968
2 0.6291698991466252 0.45448275862068965 0.09154383242823898 0.09793103448275865
2 0.6210240496508921 0.3220689655172414 0.041117145073700526 0.06206896551724135
2 0.6466252909231963 0.27241379310344827 0.03180760279286261 0.045517241379310354
0 0.8824670287044221 0.7641379310344828 0.05197827773467793 0.12965517241379318
6 0.8807727034932229 0.8167211542970221 0.039981745394809705 0.18670461851985634
0 0.6118384750175972 0.2442294005241281 0.011692193698758686 0.043026147660474336
0 0.531760543755169 0.238911562049238 0.011964105180125202 0.04012550849235247
5 0.5075604219135523 0.232143403990287 0.010876459254659139 0.03722486932423063
5 0.4883906624772155 0.23673608267314658 0.008429255922360853 0.04254270779912062
0 0.5547370639306366 0.22948448475284194 0.008973078885093884 0.03384079029475512
2 0.6624140105517615 0.25244787816714004 0.026919236655281356 0.038191749046937826
7 0.6728826025843719 0.24157048128668304 0.02120909554658539 0.03577454974016966
2 0.7071434492365483 0.24302080087074399 0.019033803695653547 0.02610575251309676
0 0.7327031284849974 0.23601092288111608 0.007613521478261447 0.02852295181986502
0 0.7408604729259918 0.23770296239585392 0.007613521478261447 0.028039511958511412
0 0.7475223042194705 0.23649436274246977 0.007341609996894931 0.029489831542572346
5 0.7711786030983541 0.2522061582364632 0.006797787034162042 0.028039511958511378
5 0.7617976569912106 0.2444711204548049 0.006525875552795526 0.037708309185584314
2 0.9274631497284718 0.5441379310344828 0.13576415826221877 0.10068965517241381
2 0.634600465477114 0.23310344827586207 0.018619084561675693 0.022068965517241388
2 0.6904577191621413 0.23724137931034484 0.012412723041117317 0.024827586206896547
