2 0.29286268425135764 0.47724137931034477 0.07835531419705198 0.10482758620689658
4 0.330488750969744 0.5179310344827586 0.03878975950349108 0.11724137931034477
2 0.4014740108611326 0.4455172413793103 0.06904577191621407 0.09655172413793103
2 0.3599689681923972 0.39241379310344826 0.06206361520558566 0.086896551724138
2 0.3944918541505043 0.35310344827586204 0.050426687354538445 0.06344827586206897
2 0.42435996896819234 0.3172413793103448 0.05120248254460826 0.08275862068965516
2 0.45461598138091547 0.3062068965517242 0.040341349883630785 0.049655172413793094
2 0.6198603568657873 0.3248275862068965 0.05585725368502707 0.05379310344827587
2 0.6031807602792864 0.3717241379310344 0.05042668735453838 0.06206896551724135
2 0.5166795965865012 0.9275862068965517 0.1582622187742436 0.1448275862068965
0 0.8289371605896043 0.6551724137931035 0.0395655546935609 0.16
5 0.8933281613653995 0.5020689655172413 0.025601241272304093 0.09655172413793096
5 0.7986811481768812 0.34758620689655173 0.01318851823118706 0.06896551724137936
5 0.7843289371605896 0.34413793103448276 0.0077579519006982876 0.06206896551724142
5 0.773855702094647 0.3427586206896552 0.014740108611326548 0.07310344827586207
5 0.7835531419705197 0.2827586206896552 0.010861132660977404 0.044137931034482776
5 0.317300232738557 0.3096551724137931 0.02327385570209465 0.06758620689655175
6 0.5767434379295237 0.2664245806674025 0.014729907195140583 0.053085322575590295
2 0.6778622602961631 0.2975679699117487 0.03145034238962435 0.05025410537155871
2 0.6613408779016146 0.25474580970077265 0.02468254719185708 0.03680582365240927
5 0.008921644685802949 0.5137931034482759 0.017843289371605897 0.10620689655172405
