0 0.7490302560124127 0.41379310344827586 0.025601241272304093 0.09379310344827588
0 0.7532971295577968 0.3544827586206897 0.024825446082234207 0.04689655172413786
5 0.7982932505818462 0.38689655172413795 0.015515903801396433 0.07862068965517238
0 0.6493405740884407 0.6027586206896552 0.06826997672614425 0.11862068965517239
0 0.6687354538401863 0.5862068965517241 0.05275407292474782 0.10758620689655174
0 0.3359193173002328 0.7965517241379311 0.04189294026377041 0.18896551724137936
5 0.13149728471683475 0.5206896551724138 0.017843289371605894 0.06758620689655168
0 0.17882079131109385 0.4537931034482759 0.03180760279286268 0.09931034482758619
0 0.21683475562451512 0.42965517241379314 0.028704422032583388 0.09517241379310341
5 0.19356089992242048 0.37724137931034485 0.01474010861132662 0.06206896551724142
5 0.21761055081458494 0.3558620689655172 0.014740108611326583 0.07448275862068965
5 0.3397982932505819 0.3013793103448277 0.017067494181536132 0.062068965517241406
2 0.5977501939487977 0.3599999999999999 0.051978277734678106 0.07448275862068963
2 0.5581846392552365 0.45793103448275857 0.06283941039565555 0.09103448275862071
2 0.5337470907680373 0.6331034482758621 0.08378588052754068 0.12413793103448284
2 0.02482544608223429 0.8379310344827586 0.04965089216446858 0.1779310344827587
2 0.15709852598913887 0.6041379310344824 0.11869666408068272 0.15448275862068916
2 0.3339798293250578 0.5399999999999996 0.08766485647788974 0.12275862068965505
2 0.399534522885958 0.4462068965517242 0.062063615205585745 0.09517241379310365
2 0.37199379363847945 0.3841379310344828 0.05818463925523659 0.07034482758620686
2 0.3118696664080683 0.44413793103448235 0.06982156710628397 0.09379310344827584
2 0.4394879751745537 0.31999999999999995 0.05042668735453834 0.06344827586206887
2 0.4751745539177657 0.2972413793103448 0.039565554693561 0.05379310344827582
2 0.5143522110162917 0.26896551724137935 0.0325833979829325 0.04137931034482761
0 0.7556245151280062 0.29793103448275865 0.013964313421256805 0.06068965517241384
5 0.43328161365399537 0.25931034482758625 0.01318851823118699 0.04137931034482761
