0 0.06686701728024037 0.5754339118825103 0.08264462809917351 0.13084112149532723
5 0.04808414725770098 0.4666221628838451 0.018031555221637866 0.0921228304405875
5 0.06423741547708489 0.4652870493991989 0.011269722013523671 0.0947930574098799
0 0.7648384673178057 0.564085447263017 0.025544703230653575 0.12950600801068077
2 0.7441773102930128 0.5053404539385847 0.12096168294515394 0.12416555407209615
2 0.6217129977460557 0.44726301735647495 0.0848985725018782 0.0987983978638184
0 0.713373403456048 0.4112149532710277 0.024793388429752254 0.08811748998664858
5 0.7862509391435011 0.3724966622162885 0.01878287002253955 0.08277703604806415
5 0.2569496619083395 0.3477970627503338 0.02253944402704735 0.07877169559412543
0 0.2997746055597295 0.3377837116154873 0.01953418482344105 0.07743658210947935
5 0.4507888805409467 0.24632843791722298 0.010518407212622094 0.0467289719626168
5 0.4639368895567243 0.24098798397863816 0.011269722013523662 0.05206942590120157
5 0.7866265965439518 0.30841121495327106 0.022539444027047325 0.05874499332443257
2 0.6096919609316305 0.33978638184245663 0.04883546205860293 0.0707610146862483
2 0.6322314049586777 0.29372496662216285 0.03531179564237412 0.05607476635514015
2 0.6592787377911346 0.2570093457943925 0.024793388429752098 0.041388518024032026
2 0.2734785875281744 0.4913217623497995 0.08264462809917361 0.10413885180240308
2 0.3711495116453794 0.4786381842456608 0.07062359128474825 0.10814419225634148
2 0.31404958677685935 0.4465954606141523 0.06611570247933887 0.08945260347129498
2 0.34560480841472574 0.4072096128170895 0.05108940646130725 0.07209612817089459
2 0.4053343350864011 0.427903871829105 0.060856498873027916 0.1054739652870494
2 0.37603305785123964 0.36915887850467294 0.04883546205860249 0.0787716955941255
2 0.4350112697220135 0.3871829105473965 0.04357625845229161 0.09078771695594122
2 0.4135987978963186 0.3337783711615486 0.03230653643876785 0.06942590120160212
2 0.45567242674680636 0.35580774365821094 0.05484598046581505 0.09212283044058749
2 0.4421487603305785 0.30574098798397864 0.030803906836964715 0.04272363150867818
2 0.4883546205860255 0.3351134846461949 0.027047332832456732 0.05874499332443257
2 0.4620586025544701 0.2937249666221631 0.028549962434260157 0.042723631508678264
2 0.4992486851990985 0.31708945260347127 0.032306536438767824 0.06542056074766346
2 0.5187828700225395 0.29906542056074764 0.024793388429752098 0.0453938584779706
2 0.5349361382419233 0.28771695594125496 0.027047332832456875 0.0520694259012016
2 0.5518407212622085 0.2716955941255006 0.02479338842975186 0.04405874499332449
2 0.5713749060856501 0.2623497997329773 0.01577761081893314 0.044058744993324434
