2 0.37200000000000005 0.4601706970128022 0.07199999999999995 0.1209103840682787
5 0.10039999999999999 0.4971550497866287 0.024800000000000003 0.12091038406827877
2 0.6351999999999998 0.6827880512091044 0.18559999999999988 0.159317211948791
5 0.8651999999999991 0.7916073968705541 0.03280000000000013 0.12375533428165075
2 0.98 0.5753911806543386 0.04 0.08961593172119485
5 0.8828 0.4843527738264581 0.02 0.10953058321479368
5 0.7372 0.5433854907539118 0.018400000000000034 0.11379800853485059
7 0.6940000000000001 0.48790896159317215 0.27599999999999997 0.1735419630156472
5 0.4186604171123658 0.258963440720184 0.007676845448731484 0.043359306149223294
5 0.4279177895652477 0.2569560654354977 0.009031582880860398 0.04416225626309775
2 0.5552631081853798 0.2734165427699251 0.03161054008301157 0.040147505693725306
2 0.6611584174634683 0.3075419226095915 0.03386843580322662 0.06503895922383489
5 0.5110083520691637 0.23166313684845086 0.010837899457032521 0.03211800455498018
5 0.5202657245220458 0.22644396110826656 0.0067736871606452805 0.0329209546688547
5 0.537651521567702 0.22804986133601557 0.006322108016602285 0.028103253985607635
5 0.5453283670164333 0.22724691122214108 0.008128424592774408 0.02328555330236064
2 0.6986394864190393 0.23648083753169785 0.018514744905763932 0.022482603188486116
5 0.7668279371695355 0.258963440720184 0.008580003736817332 0.04175340592147428
5 0.7765368887664604 0.26056934094793305 0.009934741168946317 0.036935705238227284
3 0.25799999999999995 0.5014224751066856 0.037600000000000015 0.11237553342816498
2 0.37439999999999996 0.3755334281650071 0.05759999999999998 0.06543385490753906
2 0.3836 0.40540540540540543 0.048799999999999955 0.06543385490753906
2 0.645981310268176 0.22995238257713135 0.017485144457345784 0.02526081058249197
