2 0.2793404461687682 0.4939655172413794 0.08341416100872938 0.11896551724137944
2 0.3928225024248303 0.4439655172413793 0.07177497575169746 0.09482758620689652
2 0.34917555771096026 0.4068965517241379 0.062075654704170695 0.07586206896551723
2 0.38748787584869065 0.35775862068965514 0.05334626576139662 0.06379310344827588
2 0.4282250242483026 0.39655172413793094 0.05722599418040737 0.08275862068965516
2 0.41804073714839957 0.328448275862069 0.044616876818622656 0.06034482758620687
2 0.4573229873908826 0.35775862068965514 0.05334626576139669 0.07413793103448285
2 0.48787584869059164 0.32672413793103444 0.05237633365664408 0.06379310344827588
2 0.5019398642095054 0.3103448275862069 0.04364694471387004 0.06206896551724142
2 0.6741028128031039 0.2982758620689655 0.044616876818622725 0.04482758620689651
2 0.641125121241513 0.27586206896551724 0.034917555771096 0.04482758620689655
2 0.6634335596508245 0.2525862068965517 0.027158098933074797 0.043103448275862065
2 0.7017458777885548 0.24741379310344824 0.024248302618816667 0.03965517241379306
1 0.25315227934044615 0.7655172413793103 0.5063045586808923 0.46896551724137936
0 0.5077594568380214 0.5534482758620689 0.08244422890397672 0.12413793103448277
0 0.7575169738118332 0.45948275862068966 0.03491755577109615 0.10862068965517245
0 0.855965082444229 0.6922413793103448 0.030067895247332787 0.14655172413793102
0 0.8996120271580988 0.5448275862068965 0.033947623666343386 0.12413793103448277
0 0.31522793404461685 0.3603448275862069 0.019398642095053306 0.0758620689655173
0 0.4107662463627546 0.29224137931034483 0.016488845780795316 0.053448275862069
5 0.786129970902037 0.3646551724137931 0.01842870999030069 0.08448275862068969
5 0.8026188166828322 0.40172413793103445 0.01842870999030069 0.07241379310344825
5 0.7992240543161978 0.425 0.017458777885548074 0.09137931034482762
5 0.7841901066925315 0.5077586206896553 0.02036857419980606 0.10862068965517245
5 0.8205625606207565 0.49310344827586206 0.02327837051406405 0.1034482758620689
5 0.8365664403491755 0.5474137931034483 0.024248302618816667 0.11206896551724142
5 0.8724539282250242 0.5431034482758621 0.01842870999030069 0.0965517241379311
5 0.9641125121241513 0.6456896551724136 0.02909796314258003 0.14310344827586208
5 0.9432589718719688 0.6681034482758621 0.024248302618816667 0.13620689655172413
5 0.9359844810863239 0.5698275862068966 0.02327837051406405 0.12931034482758627
5 0.22744907856450047 0.36379310344827587 0.01842870999030069 0.07931034482758627
5 0.49030067895247337 0.23793103448275862 0.010669253152279339 0.03793103448275865
5 0.4990300678952473 0.23448275862068965 0.010669253152279339 0.03793103448275865
6 0.7788554801163918 0.6172413793103442 0.03879728419010708 0.15172413793103443
