2 0.5239766081871345 0.9064449064449065 0.14736842105263165 0.18295218295218305
2 0.5385964912280702 0.6174636174636174 0.09707602339181286 0.13721413721413725
2 0.23099415187979844 0.5374220374220375 0.1087719294905912 0.13097713097713082
2 0.4198830409356725 0.43139293139293144 0.07017543859649124 0.08939708939708943
2 0.40643274853801176 0.3482328482328482 0.04795321637426902 0.06860706860706862
2 0.47017543859649125 0.35239085239085244 0.05146198830409361 0.06029106029106032
2 0.44795321637426894 0.32224532224532226 0.03976608187134495 0.06237006237006238
2 0.6046783625730994 0.34719334719334727 0.051461988304093535 0.062370062370062346
2 0.6713450292397661 0.31081081081081086 0.04678362573099406 0.05197505197505201
2 0.6491228070175439 0.28898128898128905 0.03508771929824554 0.05405405405405407
5 0.10417555627420336 0.5586330387146992 0.027281133522643764 0.11814777725969394
5 0.126992504074727 0.546289241090552 0.021328886070195115 0.1181477772596942
0 0.24058122291367315 0.3884649714675275 0.02033684485762791 0.08287978404784518
7 0.331849014469857 0.4008087690916746 0.0877956473121986 0.14988897115035826
2 0.5111604636413789 0.3055851874196815 0.0436498133529573 0.07229938608428893
7 0.47023876362298345 0.28442439149257287 0.05208216365977876 0.06171898812073582
7 0.510664443035097 0.24959724819587184 0.04861001941579342 0.06083728829043921
2 0.5622505860885916 0.2659086950563516 0.035713483652419636 0.05819218879954995
2 0.5461299163843755 0.24959724819587195 0.02926521577073295 0.0343862933815528
2 0.5895317194341911 0.2451887490443908 0.028769195164449285 0.03967649236333013
5 0.7728280696201469 0.29096915038929094 0.010841239943361386 0.04938145351020452
5 0.7836693095635083 0.2804304255547961 0.0074533524610609445 0.041552686490294095
5 0.7768935344417056 0.27049391356798574 0.01016366261619443 0.04456375072872116
0 0.7489434628699289 0.24941646389899688 0.01118002869159156 0.044563750728721166
2 0.7030375874847579 0.24851314462746876 0.023715212376102954 0.034326132318069004
