5 0.44371385160769045 0.26400356324212065 0.010302948960191856 0.04738885558064418
5 0.5211374827644262 0.2330392541979497 0.006969641943659255 0.03284909307294655
5 0.5305313479928364 0.23842435142302293 0.006969641943659255 0.03823419029801972
2 0.5941951311672846 0.4022655933438452 0.05659029779779637 0.08939235407641
2 0.6924421759551255 0.512609280406914 0.11632450102880362 0.11174044259551259
1 0.6174322251550872 0.22453306357107103 0.027133119114575877 0.042353789675200704
2 0.6550152617664929 0.2606966839860501 0.026033127799120023 0.0403989993824991
2 0.6784817431628828 0.2395197891484498 0.019433179906385475 0.031928241447459024
2 0.7035982115324564 0.2457099584086714 0.021266498765478162 0.02736706409782201
5 0.7658142015226352 0.25818422455051754 0.007308557921472571 0.039793051562514614
5 0.7770880408695855 0.25915141677599535 0.007464059153843437 0.03564794202475273
5 0.7980850768244008 0.4011036998741595 0.014115499967559255 0.07039871654115257
0 0.7105230753780094 0.4200895581135182 0.014299887100925019 0.08340438582193378
0 0.7360062075194014 0.4468050254471065 0.019066516134567023 0.06776606348032126
0 0.8225388576685893 0.5135936937810769 0.02199982630911549 0.10621027257011867
5 0.9055174926157502 0.6421574699367462 0.020399632276144785 0.1383304092646449
5 0.9326275302458902 0.651697498161894 0.02415745927438195 0.11925035281434901
5 0.9538324111645144 0.7537758001709767 0.03543094026909373 0.14405442619973344
