6 0.04132231404958677 0.5574098798397863 0.04207362885048835 0.137516688918558
2 0.24229902329075886 0.5300400534045387 0.09842223891810663 0.13084112149532728
2 0.3343350864012021 0.438584779706275 0.07062359128474835 0.08945260347129505
2 0.37152516904583005 0.3744993324432578 0.06085649887302778 0.08678237650200284
0 0.2299023290758828 0.3918558077436582 0.03005259203606311 0.08678237650200266
0 0.34560480841472585 0.32977303070761016 0.018031555221637845 0.07476635514018697
0 0.7716003005259204 0.6995994659546061 0.03906836964688196 0.1602136181575434
5 0.9113448534936138 0.5961281708945259 0.025544703230654008 0.1295060080106809
5 0.9549211119459053 0.5674232309746329 0.02854996243426001 0.10947930574098798
5 0.8891810668670174 0.5400534045393859 0.017280240420736278 0.0974632843791722
5 0.884673178061608 0.5267022696929239 0.026296018031555235 0.12149532710280382
2 0.6262208865514651 0.3257676902536716 0.03681442524417726 0.07476635514018692
2 0.6735537190082644 0.28371161548731644 0.029301277235161505 0.046728971962616835
2 0.6465063861758077 0.2643524699599466 0.02779864763335844 0.03738317757009348
