2 0.14966747056882418 0.718691787107769 0.14601842050293137 0.19652458143804716
2 0.295149058643436 0.5608043199815711 0.09448250738424971 0.14787043748979264
2 0.39070523088432496 0.4482319869248258 0.06656722111163042 0.11352633587926021
2 0.3182328530611789 0.45013999256985526 0.06978821568154807 0.10207830200908269
2 0.4457426254317852 0.30946641621198706 0.05059960051096574 0.07949480523653066
2 0.5561084207491814 0.2628772475692662 0.03226641192003612 0.05538572495987793
0 0.6625379472941744 0.6005408665976139 0.07497907469918381 0.12457226938622902
0 0.7500165243806817 0.3387468689178108 0.01766652718762302 0.07167564406572431
5 0.9006860007608739 0.6276847537229425 0.032209945699176075 0.13737640644213
2 0.5218642117376295 0.9427402862985684 0.1622554660529344 0.11451942740286299
5 0.01131341067946266 0.5108565589064703 0.02262682135892532 0.10943437576565174
5 0.7804150759177656 0.26455955443989376 0.019359847152021673 0.05303997660863598
5 0.7576834347147425 0.2372236400504203 0.008514833851398151 0.030263356306196487
5 0.7660706082981605 0.24137279866602554 0.007222241514430721 0.03680515264729547
5 0.45485393564502674 0.24557312544531676 0.00786494133089775 0.04156246065386735
5 0.4667548337115167 0.24649264891111028 0.008071913471184473 0.0397234137222803
2 0.6741769042509631 0.24328221877289125 0.024333141220688505 0.040280527243547616
