2 0.38509968520461696 0.45429104477611937 0.06295907660020987 0.09888059701492537
2 0.3037775445960126 0.46082089552238803 0.07660020986358866 0.10447761194029852
2 0.34575026232948586 0.4104477611940298 0.045120671563483726 0.07835820895522388
2 0.3887722980062961 0.36567164179104467 0.05351521511017858 0.06716417910447753
2 0.4391395592864638 0.3208955223880594 0.04302203567680996 0.0634328358208955
2 0.4842602308499475 0.3236940298507463 0.04512067156348366 0.06156716417910449
2 0.6269674711437565 0.458955223880597 0.09968520461699903 0.09328358208955223
2 0.618572927597062 0.32276119402985076 0.04092339979013644 0.05223880597014926
2 0.9239244491080798 0.5457089552238805 0.1521511017838402 0.11753731343283597
5 0.8877229800629591 0.4813432835820896 0.027282266526757724 0.07835820895522388
5 0.7785939139559287 0.3059701492537313 0.023084994753410228 0.06343283582089551
