1 0.15362485615650173 0.8946830265848671 0.30724971231300346 0.21063394683026587
2 0.24872446219013924 0.5186007142282386 0.08645739941330007 0.13586621997408913
5 0.061806322721078145 0.5966920462694207 0.040727865839323175 0.15745244183913143
5 0.25554745440168625 0.34833507768305094 0.02178795720798952 0.07432324269315906
2 0.33305748607838465 0.4300016347740372 0.06912041597017371 0.10414154964191162
2 0.37725949121873137 0.37214521830630853 0.054845547454594336 0.08366927919948453
2 0.4094405544512216 0.3429944853937221 0.04307504183648511 0.08500442727181667
2 0.4367381100336453 0.32096454220024084 0.03606282572356889 0.06764750233149812
2 0.46278348416733406 0.3098383082641392 0.030052354769640743 0.06942769976127437
2 0.607917798468865 0.35604474971627653 0.05412690599586057 0.08120850472646574
2 0.648801797241608 0.32007178204129744 0.04354034506408638 0.052504720811651355
2 0.6738374956534576 0.2728175333108113 0.032033253868577985 0.040345732834216254
2 0.7031494779555301 0.2520919856220016 0.021303668834927975 0.032055513758692415
5 0.9733802101659701 0.6675438969369247 0.032266411920036264 0.14621831389407774
5 0.8490239019460791 0.5299795019918229 0.02529406526444774 0.11615788229290125
5 0.8790762567157199 0.5515643958278601 0.023290574946471593 0.12105342522478615
5 0.9008642139237095 0.5313146500641551 0.018281849151531446 0.09746580928025061
5 0.9100051384994754 0.5228587122727179 0.009015706430892152 0.09568561185047436
5 0.9230278255663197 0.5097297562281179 0.01953403060026645 0.10236135221213523
5 0.49251047584664803 0.24809511533980788 0.008995939062827744 0.03859633674279717
5 0.5301649064953413 0.22982466007694524 0.005397563437696604 0.02991787049293748
5 0.534020308950839 0.23085237318548124 0.004112429285864039 0.02786244427586542
5 0.5377255418868282 0.23151229302870635 0.003191868791457537 0.0257829892152494
5 0.5401557147166879 0.2315122930287064 0.0029742413738581774 0.026298648999554395
0 0.5535035296627826 0.23370384711200257 0.009793233791971688 0.03532269522489166
5 0.7790907651682448 0.26863222105508405 0.008071913471184616 0.04855083899389814
5 0.7705014213463433 0.26366679433979906 0.006623108489177128 0.048183029607580787
5 0.7527018172816802 0.2662414600440209 0.008278885611471339 0.047447410834945955
2 0.592997662791857 0.2389525911391539 0.023222274140177034 0.029130503396338908
2 0.6143985820975101 0.23976177178905217 0.02140091930565319 0.030748864696135456
2 0.6355718320488478 0.23773882016430647 0.016847532219344076 0.022657058197152472
3 0.6726072917061277 0.24250303358108172 0.009471438699005859 0.02235846962792806
2 0.6750104925700543 0.24174937730148865 0.021063348748535164 0.026880407305486572
