2 0.5201765447667092 0.725336322869955 0.09709962168978571 0.1816143497757844
2 0.5863808322824717 0.3856502242152466 0.060529634300126034 0.08071748878923764
2 0.6620428751576293 0.3307174887892377 0.04791929382093315 0.06502242152466373
2 0.45523329129886503 0.31502242152466364 0.04791929382093322 0.06053811659192828
2 0.3650693568726356 0.3923766816143495 0.06935687263556127 0.08071748878923762
2 0.5220680958385873 0.29932735426008966 0.04287515762925591 0.04708520179372202
2 0.4911727616645649 0.27802690582959644 0.03404791929382092 0.05829596412556054
0 0.6677175283732659 0.5919282511210763 0.07944514501891545 0.12107623318385663
0 0.023329129886506927 0.6042600896860987 0.044136191677175265 0.10986547085201812
0 0.038461538461538464 0.587443946188341 0.06935687263556117 0.1210762331838563
0 0.362547288776797 0.3239910313901346 0.02143757881462804 0.07399103139013452
2 0.2591424968474149 0.5 0.11223203026481716 0.15246636771300445
5 0.7837563466204571 0.2927988329352152 0.017053803803566723 0.05727511935124138
2 0.6828546741160209 0.285218302432845 0.0464242436874872 0.052221432349661256
2 0.5360024746964186 0.2599498674249444 0.03126530697320561 0.04548318301422103
2 0.5814792848392633 0.2548961804233643 0.02937043988392041 0.035375809011060785
5 0.32851452841969037 0.30122164460451534 0.01610637025892409 0.06738249335440155
5 0.4445751376384082 0.2506847745887142 0.017053803803566792 0.047167745348081096
5 0.637452711223203 0.554932735426009 0.029003783102143715 0.1278026905829597
2 0.023329129886506938 0.6692825197638953 0.046658259773013876 0.14125558827490017
