2 0.12485615650172611 0.7372188139059304 0.15074798619102417 0.1820040899795501
7 0.21288837744533948 0.5521472392638036 0.11047180667433829 0.1554192229038854
2 0.5287686996547756 0.9294478527607362 0.1392405063291139 0.14110429447852751
2 0.525891829689298 0.6952965235173824 0.11047180667433835 0.1922290388548057
2 0.31807384411878475 0.44570273494907525 0.078649379055088 0.11181400474253003
2 0.4189063813688976 0.3367557559691741 0.050416268625056375 0.07884320847229681
2 0.4598443914924434 0.35825844918889144 0.05323957966805956 0.0731091569470388
0 0.4975557604239855 0.37331033444269357 0.014116555215015723 0.08027672135361129
2 0.5590929060485778 0.2689620157515952 0.03377749638986927 0.04848242344020168
2 0.5795429699294171 0.24069280158943207 0.024597467666074735 0.0336633138218243
2 0.6154496181316184 0.2393110984101781 0.02516292669288113 0.03391453258168866
2 0.5941742222480306 0.23516598887241613 0.01569148799387527 0.026126751025893534
2 0.6405947552007865 0.2385775173117473 0.017530540282290303 0.021362369157315195
2 0.6962027640730076 0.23841468371422786 0.01556567336041084 0.024317975954870123
5 0.7635324502575025 0.2565754602043456 0.008264397561651293 0.03960939281252198
5 0.7776821006282085 0.25857818231284385 0.007012216112916148 0.05251582417839972
5 0.8025195954928183 0.4305286899224798 0.012466568241831908 0.09122354699274006
5 0.8549525148628768 0.5184942530940506 0.021999826309115632 0.10555867580588497
5 0.9503081062725969 0.741315820138512 0.029230525722002788 0.18354060302362082
5 0.9766155794223986 0.7730602640576916 0.02858095848373641 0.1708428254559489
5 0.9926511210498694 0.7561559424721651 0.014697757900261052 0.20926190918193058
