2 0.31235955056179776 0.44510978043912175 0.06292134831460672 0.09181636726546899
2 0.3561797752808989 0.40219560878243515 0.049438202247191046 0.10179640718562866
2 0.3848314606741573 0.36626746506986024 0.04606741573033716 0.06586826347305397
2 0.41460674157303373 0.3383233532934132 0.038202247191011264 0.05788423153692609
2 0.45224719101123595 0.315369261477046 0.030337078651685726 0.05189620758483031
2 0.47752808988764045 0.33433133732534925 0.04044943820224717 0.06586826347305383
2 0.5039325842696629 0.2744510978043912 0.028089887640449406 0.04590818363273453
2 0.5837078651685393 0.37924151696606784 0.04606741573033716 0.07185628742514964
2 0.9606741573033708 0.5580838292896629 0.07865168539325836 0.10139721168015527
5 0.7724719101123596 0.34331337325349304 0.005617977528089853 0.0439121756487026
5 0.798314606741573 0.34231536926147704 0.010112359550561792 0.029940119760479007
5 0.7820224719101124 0.3313373253493014 0.011235955056179706 0.055888223552894196
5 0.7814606741573035 0.35329341317365265 0.005617977528089853 0.03592814371257482
