2 0.20853540252182348 0.6732758620689655 0.13773035887487878 0.15344827586206897
2 0.2390882638215325 0.5379310344827586 0.09408341416100871 0.11724137931034484
2 0.4776915615906887 0.33275862068965517 0.04170708050436467 0.0758620689655173
2 0.5518913676042677 0.27155172413793105 0.04073714839961198 0.05
2 0.6697381183317168 0.24827586206896549 0.02424830261881681 0.03448275862068964
2 0.6964112512124152 0.2336206896551724 0.021338506304558677 0.025862068965517224
2 0.617846750727449 0.23448275862068968 0.021338506304558677 0.020689655172413772
2 0.6328806983511154 0.2301724137931034 0.01842870999030069 0.02586206896551726
7 0.5620756547041706 0.23448275862068965 0.04558680892337542 0.07241379310344825
0 0.49321047526673134 0.675 0.09796314258001942 0.156896551724138
0 0.022308438409311345 0.5413793103448277 0.04461687681862269 0.1448275862068966
0 0.7453928225024248 0.253448275862069 0.02036857419980592 0.05862068965517242
5 0.7710960232783706 0.25 0.01357904946653747 0.04827586206896548
5 0.47235693501454906 0.25 0.011639185257032026 0.05172413793103445
