2 0.5397008230826111 0.9202453987730062 0.13808979346096442 0.15950920245398778
2 0.522439585730725 0.6390593047034765 0.08975834292289996 0.1329243353783231
2 0.17721518987341775 0.5940695296523518 0.11047180667433831 0.1860940695296523
5 0.14556962025316456 0.5122699386503067 0.031070195627157668 0.0838445807770961
5 0.10529344073647871 0.5265848670756647 0.028768699654775604 0.11656441717791416
6 0.13866513233601843 0.45807770961145194 0.026467203682393557 0.11451942740286299
2 0.2790563866513234 0.48875255623721886 0.07940161104718069 0.12269938650306748
2 0.38377445339470656 0.3640081799591002 0.05408515535097811 0.10633946830265845
2 0.6093210586881473 0.35173824130879344 0.042577675489067913 0.06952965235173825
0 0.7209436133486767 0.48875255623721886 0.01956271576524742 0.12678936605316976
0 0.9528193325661681 0.5633946830265849 0.05293440736478701 0.12065439672801638
5 0.7853569696335677 0.3487383596139872 0.02567784762575016 0.07774341293582783
0 0.6923727510885255 0.6003124427846079 0.07788311186817935 0.13078710894702042
0 0.6523594092112964 0.5895193318520875 0.0635926326263102 0.12189866464965148
5 0.6637917926047899 0.5450771103652352 0.03501167414257623 0.09650310951430625
2 0.6702225082636304 0.29810533667401723 0.043585961687696795 0.06221911008159221
7 0.46836948897224806 0.29620067003886646 0.04858762942235046 0.07110755437896249
0 0.41978185954989755 0.2714400037819063 0.017148575090241352 0.0520608880274547
