0 0.09863588667366212 0.4757462686567165 0.029380902413431276 0.10074626865671639
2 0.3898216159496327 0.44496268656716426 0.06400839454354668 0.10261194029850743
2 0.332109129066107 0.42723880597014924 0.05981112277019939 0.10447761194029852
2 0.3709338929695698 0.37593283582089554 0.0472193074501574 0.06902985074626869
2 0.42287513116474296 0.39832089552238814 0.05246589716684156 0.09514925373134325
2 0.4512067156348374 0.3694029850746269 0.037775445960125824 0.06343283582089555
2 0.45960125918153194 0.3069029850746269 0.03987408184679957 0.0578358208955224
2 0.431794333683106 0.32276119402985076 0.04092339979013644 0.06716417910447764
2 0.3934942287513115 0.33582089552238803 0.046169989506820525 0.052238805970149314
2 0.5902413431269676 0.3917910447761192 0.05141657922350507 0.08582089552238785
2 0.6594963273871979 0.47761194029850734 0.10807974816369388 0.09328358208955219
2 0.6190975865687303 0.31343283582089554 0.03987408184679964 0.06343283582089555
5 0.9868835257082895 0.7098880597014926 0.02623294858342078 0.17350746268656722
