1 0.42289039767216297 0.5120689655172413 0.19786614936954414 0.3689655172413792
2 0.39039767216294846 0.4172413793103448 0.05916585838991288 0.09310344827586256
2 0.3516003879728419 0.39224137931034475 0.06886517943743936 0.09137931034482755
2 0.4364694471387003 0.3241379310344828 0.04655674102812803 0.06551724137931032
2 0.5426770126091174 0.2818965517241379 0.032007759456837946 0.043103448275862065
2 0.49806013579049463 0.2775862068965517 0.037827352085354066 0.04137931034482758
2 0.524733268671193 0.26206896551724135 0.029097963142579956 0.03448275862068964
2 0.5475266731328807 0.2508620689655172 0.024248302618816737 0.0396551724137931
2 0.5892337536372454 0.2543103448275862 0.026188166828321896 0.03275862068965516
2 0.6639185257032009 0.2560344827586207 0.030067895247332645 0.043103448275862065
2 0.6430649854510184 0.23189655172413792 0.027158098933074654 0.03620689655172413
2 0.6115421920465568 0.2456896551724138 0.024248302618816595 0.029310344827586227
2 0.5693501454898157 0.2439655172413793 0.0310378273520854 0.029310344827586227
0 0.8142580019398641 0.6818965517241373 0.04364694471387032 0.13965517241379308
6 0.5703200775945675 0.9422413793103442 0.06013579049466476 0.11551724137931046
5 0.08777885548011638 0.5801724137931027 0.030067895247332735 0.14999999999999994
5 0.6871968962172648 0.5525862068965517 0.02036857419980592 0.12931034482758627
5 0.6697381183317168 0.5706896551724138 0.022308438409311435 0.14137931034482748
5 0.43258971871968965 0.2551724137931034 0.009699321047526653 0.04827586206896552
5 0.4966052376333656 0.23620689655172414 0.009699321047526582 0.031034482758620675
5 0.7710960232783706 0.26120689655172413 0.009699321047526582 0.05000000000000004
0 0.4078564500484966 0.29310344827586204 0.02036857419980599 0.06551724137931032
