2 0.5300678952473327 0.814655172413793 0.1212415130940834 0.2258620689655173
2 0.5543161978661494 0.5482758620689651 0.07856450048496601 0.12413793103448273
2 0.3225024248302619 0.5767241379310345 0.11154219204655674 0.13620689655172413
2 0.07274490785645002 0.6543103448275858 0.14548981571290004 0.20172413793103383
2 0.4005819592628517 0.44224137931034485 0.06983511154219207 0.10172413793103445
2 0.3433559650824442 0.41551724137931034 0.07177497575169739 0.1
2 0.38942774005819586 0.36637931034482757 0.06304558680892335 0.08448275862068969
2 0.6343355965082444 0.3431034482758621 0.04655674102812796 0.062068965517241385
2 0.6387002909796314 0.2991379310344828 0.043646944713870116 0.0637931034482759
2 0.6862269641125122 0.26120689655172413 0.028128031037827413 0.0431034482758621
2 0.6745877788554802 0.24396551724137933 0.030067895247332645 0.03620689655172413
2 0.7036857419980602 0.24310344827586206 0.024248302618816685 0.03448275862068964
2 0.4689621726479147 0.28965517241379307 0.04170708050436474 0.05172413793103448
2 0.5024248302618818 0.27327586206896554 0.03491755577109607 0.039655172413793106
2 0.524733268671193 0.26120689655172413 0.027158098933074727 0.039655172413793134
2 0.5441319107662465 0.2439655172413793 0.0310378273520854 0.04310344827586203
2 0.565470417070805 0.2629310344827587 0.03685741998060138 0.053448275862069
2 0.5902036857419981 0.24827586206896549 0.02812803103782734 0.03448275862068964
5 0.6464597478176528 0.5612068965517242 0.022308438409311362 0.1293103448275862
5 0.19786614936954414 0.375 0.023278370514064017 0.08793103448275857
5 0.3622696411251212 0.2836206896551724 0.01260911736178464 0.06724137931034484
5 0.350145489815713 0.28706896551724137 0.017458777885548 0.060344827586206906
0 0.7512124151309407 0.28706896551724137 0.016488845780795316 0.06379310344827588
2 0.6168768186226964 0.2301724137931034 0.021338506304558677 0.029310344827586227
