2 0.5227934044616876 0.9327586206896552 0.1571290009699321 0.13448275862068967
2 0.5213385063045587 0.656896551724138 0.09408341416100875 0.1448275862068965
2 0.5974781765276431 0.364655172413793 0.050436469447138775 0.08103448275862071
2 0.6193016488845781 0.31293103448275866 0.04558680892337527 0.06379310344827588
2 0.6323957322987391 0.28793103448275864 0.03297769156159063 0.062068965517241385
2 0.6677982541222114 0.24827586206896549 0.022308438409311293 0.03793103448275861
2 0.6993210475266731 0.24741379310344824 0.02327837051406391 0.03965517241379306
2 0.6168768186226964 0.2353448275862069 0.02327837051406398 0.029310344827586193
0 0.7114451988360816 0.6594827586206895 0.057225994180407296 0.13275862068965508
0 0.7070805043646945 0.603448275862069 0.069835111542192 0.11724137931034491
0 0.6750727449078565 0.5948275862068966 0.0931134820562562 0.13103448275862078
0 0.7177497575169738 0.510344827586207 0.025218234723569422 0.11034482758620691
0 0.39718719689621723 0.5008620689655173 0.02618816682832197 0.10517241379310349
0 0.012124151309408325 0.6189655172413794 0.02424830261881665 0.12758620689655162
0 0.16876818622696413 0.47327586206896555 0.025218234723569353 0.10862068965517245
0 0.3855480116391853 0.3017241379310345 0.014548981571289943 0.062068965517241385
0 0.4243452958292919 0.28965517241379307 0.012609117361784711 0.07241379310344825
0 0.5387972841901066 0.30862068965517236 0.014548981571289943 0.07586206896551725
0 0.7264791464597478 0.25689655172413794 0.011639185257031955 0.04827586206896555
0 0.7483026188166826 0.25172413793103443 0.01066925315227907 0.04827586206896545
5 0.9742967992240537 0.9103448275862067 0.05140640155189214 0.1793103448275862
5 0.4064015518913676 0.5379310344827586 0.021338506304558677 0.1310344827586207
5 0.4704170708050437 0.2456896551724138 0.021338506304558677 0.046551724137930996
5 0.5043646944713871 0.23275862068965517 0.011639185257032026 0.04137931034482758
5 0.5169738118331717 0.2310344827586207 0.009699321047526722 0.03793103448275861
5 0.7691561590688653 0.24913793103448278 0.015518913676042558 0.046551724137930996
6 0.41028128031037825 0.278448275862069 0.013579049466537398 0.07413793103448278
