2 0.07368421052631582 0.6632016632016624 0.14736842105263165 0.1621621621621635
2 0.2549707602339182 0.5041580041580042 0.08421052631578947 0.11850311850311837
2 0.3590643274853801 0.4979209979209979 0.07251461988304093 0.11434511434511428
2 0.3116959064327485 0.44386694386694386 0.06900584795321642 0.08939708939708943
2 0.39824561403508774 0.4282744282744283 0.06666666666666671 0.09147609147609145
2 0.33976608187134505 0.40124740124740127 0.054970760233918094 0.09147609147609151
2 0.3725146198830409 0.3752598752598753 0.04795321637426909 0.08523908523908524
2 0.6304093567251462 0.30041580041580046 0.04210526315789458 0.04781704781704782
0 0.7122807017543861 0.4324324324324324 0.02339181286549703 0.09563409563409557
0 0.7578947368421052 0.43555093555093555 0.025730994152046806 0.09771309771309773
0 0.20818713450292395 0.4365904365904366 0.032748538011695916 0.09979209979209984
5 0.8339181286549707 0.577962577962578 0.028070175438596436 0.12474012474012469
5 0.8654970760233919 0.5831600831600832 0.018713450292397623 0.12266112266112274
5 0.9239766081871346 0.5956340956340956 0.025730994152046806 0.1101871101871101
5 0.9906432747703084 0.6496881496881496 0.018713450459382924 0.13513513513513506
5 0.9064327485380116 0.5654885654885655 0.016374269005847993 0.12058212058212056
5 0.8888888889306352 0.5675675675675675 0.011695906516241245 0.10395010395010391
5 0.8672514617378262 0.4760914760914761 0.017543859649122737 0.09979209979209976
5 0.8380116959064327 0.49896049896049904 0.01988304093567237 0.09979209979209976
5 0.31403508767755206 0.3191268191268192 0.015204678446065626 0.07692307692307697
5 0.2982456140350877 0.316008316008316 0.011695906432748515 0.06652806652806653
7 0.4918128651631054 0.4054054054054048 0.07836257293242994 0.16632016632016633
2 0.4342524689681808 0.39040471109417685 0.054562267664944514 0.08631841338599917
7 0.39905980662128576 0.35015511384115655 0.04746917202134128 0.0834088039460229
2 0.4255225059080914 0.3302727826679764 0.03710234123316423 0.06110179823952801
2 0.44762022393750006 0.31087538640145934 0.043104190608145874 0.05140310010626956
2 0.4885419239948486 0.32251382416136987 0.03873920935074977 0.04946336047961822
2 0.5098212080044155 0.30554110242816734 0.040921700018397594 0.0543127095462473
2 0.4661713946514577 0.29293279485493134 0.033282982681630074 0.036855052906382024
2 0.4798119613242565 0.27741487784171787 0.023461774677214532 0.02909609439977537
2 0.5283723786794222 0.29244785994826855 0.03655671868310186 0.04170440197301144
2 0.5133677552614432 0.26868604952178504 0.04255856817493304 0.032975573653078794
2 0.5561991346919326 0.27062578914843693 0.03437422801545402 0.05043323029294406
2 0.5090027740040474 0.2585024164818639 0.026189888011774513 0.028126224586449595
2 0.5237345860106706 0.2570476117618751 0.02291615201030268 0.027156354773123715
2 0.5302820580136143 0.25122839288192 0.02400739734412667 0.029096094399775438
2 0.5635650406952444 0.2609270910151784 0.03055486934707017 0.03879479253303384
2 0.6467724973993195 0.27256552877508866 0.0300092466801582 0.03879479253303387
2 0.654684026069543 0.2570476117618751 0.026189888011774656 0.03879479253303398
2 0.5439226246864134 0.2454091740019649 0.02618988801177437 0.03297557365307885
2 0.5559263233584768 0.24346943437531318 0.026189888011774513 0.032975573653078814
5 0.7709016541217923 0.28129435709502126 0.009821208004415495 0.044614011412989034
5 0.7801772394592958 0.27983955237503255 0.008729962670591505 0.04364414159966316
