1 0.2980437284234753 0.7556237218813905 0.5293440736478713 0.48875255623721886
2 0.3037974683544304 0.4662576687116565 0.0828538550057537 0.11451942740286306
2 0.3417721518987342 0.4222903885480572 0.05983889528193323 0.08793456032719832
2 0.3768699654775604 0.37321063394683024 0.0724971231300345 0.10020449897750516
2 0.404487917146145 0.36196319018404904 0.049482163406214 0.06134969325153378
2 0.42174913693901034 0.33537832310838445 0.04487917146144994 0.05725971370143153
2 0.44706559263521284 0.3159509202453988 0.042577675489067913 0.047034764826175815
2 0.6191024165707709 0.29652351738241306 0.03912543153049491 0.06134969325153378
2 0.642692750287687 0.2934560327198364 0.035673187571921755 0.05112474437627814
5 0.7823965880561023 0.30527717227830264 0.01358186043648601 0.05666776765737854
5 0.7381079127197354 0.24860940462092407 0.010038766409576566 0.037778511771585775
5 0.7522802888273727 0.2491341061733072 0.0076767037249702245 0.030432690038221785
5 0.767928954112889 0.24703529996377463 0.004724125369212544 0.03463030245728689
5 0.7596617347167672 0.24021417978279389 0.0070861880538186026 0.02938328693345557
5 0.778853494029193 0.26225164498288556 0.012400829094182768 0.03777851177158574
0 0.5287701072965071 0.23601656736372853 0.010629282080728036 0.04407493040018327
2 0.7002301495972383 0.24642126789366056 0.021864211737629376 0.03067484662576689
2 0.6855484130635466 0.2355864542283395 0.01597783528585893 0.027415040418554498
2 0.6575872013132934 0.23264912846920865 0.0146004356922505 0.020561280313915874
2 0.633482708425144 0.23215957417602018 0.012672076261198555 0.01860306314116194
