2 0.23935558112773292 0.6625766871165637 0.11507479861910225 0.15950920245398773
2 0.2036823935558113 0.5644171779141104 0.11507479861910244 0.1308793456032719
2 0.34234752589182965 0.4274028629856851 0.05868814729574222 0.10224948875255628
2 0.5264672036823935 0.7627811860940696 0.11392405063291143 0.16768916155419233
5 0.863060989643268 0.7280163599182004 0.043728423475259036 0.16359918200409
5 0.9332566168009205 0.6676891615541922 0.02761795166858448 0.1533742331288343
0 0.667433831990794 0.6042944785276073 0.08055235903337163 0.12474437627811845
2 0.5466052934407365 0.5593047034764826 0.08745684695051778 0.10838445807770959
2 0.6066649002554356 0.34963850025609516 0.04787840987383262 0.07377583198350297
3 0.4921203500509499 0.28905615647402155 0.018181674635632774 0.05277395280571746
2 0.5598470880686814 0.2642847092386848 0.03181793061235723 0.04415779724560029
2 0.6490888077385785 0.26697725785122145 0.025454344489885657 0.04308077780058564
2 0.6639371753576785 0.25943812173611897 0.018181674635632705 0.03661866113049779
2 0.6695431917036653 0.25109122103725545 0.019696814188602047 0.03608015140799051
2 0.6159072515285489 0.23628220366830416 0.020302870009789798 0.031233563905424616
5 0.49363548960391923 0.23843624255833348 0.010302948960191856 0.03877270002052715
5 0.5099989967759886 0.23439741963952854 0.007272669854253095 0.03500313196297583
5 0.52378676670801 0.23385890991702118 0.007575697764846865 0.032849093072946506
5 0.7728202941238075 0.2702054056301575 0.008539877480372838 0.04546786071778555
5 0.7495457891554562 0.26469849446431615 0.009789782235564672 0.04693247769410156
2 0.007479861910241659 0.699590998924583 0.014959723820483318 0.11083843956695745
2 0.5797945517485706 0.2362796289883434 0.02822347367546978 0.026141824151485363
