2 0.2959272727272729 0.45428682270787546 0.07563636363636392 0.10733221259537049
2 0.3715636363636364 0.47239105133841974 0.08290909090909082 0.10991853097116255
2 0.5973818181818182 0.4607526186473556 0.07927272727272737 0.09957325746799427
2 0.4810181818181819 0.3029871977240399 0.04 0.06077848183111342
2 0.5650181818181819 0.23897581792318642 0.0261818181818181 0.04396741238846495
5 0.5795636363636364 0.5525669209879737 0.036363636363636404 0.1280227596017069
5 0.5432000000000001 0.5415750678908574 0.03345454545454568 0.11379800853485066
5 0.42918659885398697 0.2559652080399235 0.0066159257280205 0.04426880002559209
5 0.4363248345079039 0.25395298985694204 0.006615925728020571 0.0439592279974411
5 0.4426796052729762 0.25519127796954605 0.005745409184859867 0.04086350771593114
5 0.45904531628439543 0.24574933111094077 0.006790029036652569 0.043030511912988095
0 0.7334543186386574 0.44282846741986326 0.02093685122381288 0.0948941043669869
5 0.7838436732169869 0.2823166215999783 0.007794605127459988 0.058060233879718835
5 0.7768917281033063 0.28175474836888426 0.010322585168798354 0.051692337260652865
1 0.7254894672627595 0.22650388064463564 0.020434505334151823 0.04157861910095992
0 0.6267604888877437 0.2347383003227742 0.008894834700964723 0.03046877211703997
5 0.7698488971729531 0.2584188875189371 0.01015022289325259 0.044609329256558146
5 0.7601415389507318 0.2418701845191559 0.007834648888445343 0.03652949932181723
5 0.9884000000000001 0.8385490753911807 0.023199999999999932 0.16927453769559023
