2 0.5358874878758487 0.8465517241379311 0.1231813773035887 0.2241379310344827
2 0.3006789524733269 0.4706896551724138 0.08147429679922404 0.14137931034482754
2 0.5620756547041703 0.474137931034483 0.06692531522793463 0.08965517241379306
2 0.596023278370514 0.3448275862068965 0.05334626576139684 0.07241379310344823
2 0.6619786614936954 0.3146551724137931 0.04170708050436474 0.06724137931034477
2 0.6387002909796314 0.27586206896551724 0.032007759456837946 0.04482758620689655
2 0.6964112512124152 0.2543103448275862 0.029097963142579886 0.04655172413793103
2 0.51454898157129 0.2681034482758621 0.037827352085354066 0.046551724137931065
2 0.5577109602327837 0.27241379310344827 0.0329776915615907 0.062068965517241385
5 0.40931134820562565 0.278448275862069 0.017458777885548 0.06724137931034484
5 0.4524733268671193 0.2646551724137931 0.016488845780795316 0.06379310344827588
5 0.36760426770126087 0.2810344827586207 0.0155189136760427 0.062068965517241385
5 0.9704170708050437 0.7198275862068965 0.03394762366634325 0.14655172413793097
5 0.7895247332686713 0.3163793103448275 0.013579049466537327 0.07758620689655171
5 0.08195926285160038 0.5491379310344828 0.018428709990300673 0.1293103448275862
6 0.01842870999030068 0.6103448275862069 0.03685741998060136 0.14482758620689665
0 0.06401551891367604 0.5025862068965518 0.03491755577109602 0.12241379310344819
0 0.0620756547041707 0.5405172413793103 0.02715809893307469 0.12931034482758627
5 0.09796314258001938 0.5301724137931035 0.025218234723569335 0.10517241379310349
3 0.42580019398642094 0.33189655172413784 0.02909796314257993 0.07068965517241363
3 0.5940834141610087 0.24913793103448278 0.01260911736178457 0.04310344827586203
2 0.6076624636275461 0.23793103448275865 0.02036857419980606 0.031034482758620675
5 0.5431619786614936 0.23706896551724138 0.011639185257032026 0.04655172413793103
