2 0.5368574199806013 0.7689655172413794 0.10572259941804077 0.1689655172413792
2 0.5552861299709021 0.5112068965517241 0.06692531522793395 0.10172413793103452
2 0.07710960232783706 0.7758620689655171 0.15033947623666344 0.17241379310344812
2 0.3181377303588749 0.568103448275862 0.09893307468477211 0.12241379310344826
2 0.2764306498545102 0.4870689655172413 0.07953443258971873 0.10862068965517238
2 0.3559650824442289 0.4008620689655173 0.0678952473326867 0.08793103448275864
2 0.4243452958292919 0.421551724137931 0.061105722599418044 0.09482758620689652
2 0.4616876818622696 0.35344827586206895 0.050436469447138706 0.08965517241379313
2 0.4296799224054317 0.32758620689655177 0.04073714839961205 0.06551724137931039
2 0.5063045586808923 0.3094827586206897 0.04073714839961204 0.06724137931034495
2 0.4660523763336566 0.29224137931034483 0.04170708050436467 0.06034482758620687
2 0.552376333656644 0.27586206896551724 0.030067895247332645 0.03793103448275858
2 0.534917555771096 0.2836206896551724 0.037827352085353996 0.05
2 0.4922405431619786 0.2775862068965517 0.033947623666343386 0.034482758620689606
2 0.510184287099903 0.2646551724137931 0.027158098933074654 0.032758620689655196
2 0.5227934044616878 0.25775862068965516 0.025218234723569353 0.029310344827586193
2 0.6726479146459746 0.25 0.028128031037827413 0.04137931034482758
2 0.7065955383123181 0.24310344827586206 0.026188166828321896 0.04137931034482758
2 0.6309408341416102 0.2301724137931034 0.016488845780795316 0.022413793103448293
2 0.6522793404461689 0.23275862068965517 0.016488845780795458 0.027586206896551745
5 0.013579049466537341 0.5103448275862068 0.019398642095053344 0.12068965517241374
5 0.06838021338506305 0.4629310344827586 0.022308438409311356 0.09482758620689659
5 0.08438409311348206 0.4543103448275862 0.01745877788554801 0.09482758620689652
5 0.11590688651794373 0.4344827586206897 0.02036857419980601 0.10344827586206896
5 0.7376333656644034 0.5758620689655173 0.02618816682832204 0.12413793103448277
5 0.7851600387972844 0.3827586206896552 0.02036857419980592 0.0862068965517242
5 0.7774005819592628 0.27155172413793105 0.016488845780795316 0.05344827586206897
0 0.924345295829292 0.8543103448275862 0.06013579049466543 0.21206896551724128
0 0.5916585838991271 0.2629310344827587 0.0155189136760427 0.046551724137931065
0 0.7580019398642095 0.43793103448275855 0.02618816682832204 0.11034482758620691
3 0.39185257032007753 0.35258620689655173 0.02327837051406398 0.07758620689655174
