2 0.5310378273520853 0.7327586206896552 0.09990300678952488 0.17586206896551734
2 0.5392822502424831 0.5310344827586206 0.0678952473326867 0.11034482758620684
2 0.5965082444228904 0.37241379310344824 0.048496605237633474 0.0793103448275862
2 0.6483996120271581 0.27413793103448275 0.032007759456838016 0.041379310344827544
2 0.6930164888457807 0.23879310344827587 0.01842870999030069 0.022413793103448255
2 0.7187196896217265 0.24224137931034484 0.017458777885547932 0.018965517241379324
2 0.5999030067895247 0.2456896551724138 0.02618816682832204 0.032758620689655196
2 0.6270611057225994 0.23620689655172414 0.02036857419980606 0.020689655172413772
2 0.5528612997090204 0.2508620689655172 0.025218234723569353 0.0396551724137931
2 0.530552861299709 0.2560344827586207 0.031037827352085257 0.04655172413793103
2 0.5126091173617847 0.27327586206896554 0.028128031037827413 0.03620689655172416
2 0.4878758486905916 0.2827586206896552 0.036857419980601304 0.04482758620689655
2 0.43452958292919497 0.3198275862068965 0.050436469447138706 0.053448275862069
2 0.38894277400581956 0.3663793103448276 0.05819592628516006 0.060344827586206906
2 0.31037827352085356 0.4560344827586207 0.07759456838021339 0.12241379310344826
2 0.19107662463627548 0.5896551724137931 0.10669253152279343 0.13793103448275856
0 0.8748787584869059 0.5982758620689654 0.06401551891367603 0.12068965517241381
0 0.022308438409311345 0.6060344827586206 0.04461687681862269 0.13275862068965516
0 0.2643064985451018 0.3931034482758621 0.024248302618816667 0.08275862068965516
0 0.37099903006789525 0.3043103448275862 0.016488845780795316 0.06379310344827588
5 0.041707080504364696 0.47586206896551725 0.023278370514064017 0.10689655172413794
5 0.09408341416100872 0.5267241379310345 0.021338506304558677 0.1155172413793104
5 0.12657613967022308 0.5405172413793103 0.028128031037827322 0.12931034482758627
5 0.14209505334626577 0.5181034482758621 0.020368574199806044 0.12586206896551722
5 0.14888457807953442 0.4068965517241379 0.02036857419980601 0.08620689655172413
5 0.786129970902037 0.36034482758620684 0.016488845780795316 0.07931034482758627
5 0.7667313288069835 0.24913793103448278 0.008729388942774108 0.046551724137930996
0 0.4747817652764306 0.3870689655172414 0.02036857419980606 0.09137931034482755
