2 0.5417070805043648 0.9629310344827587 0.1561590688651794 0.0741379310344827
2 0.5271580989330747 0.7163793103448276 0.09796314258001942 0.17068965517241375
2 0.2672162948593598 0.6129310344827585 0.11154219204655674 0.14655172413793102
2 0.2550921435499515 0.5198275862068966 0.0950533462657614 0.11206896551724142
2 0.3996120271580989 0.43965517241379315 0.0678952473326867 0.0896551724137931
2 0.3477206595538312 0.40948275862068967 0.06886517943743936 0.08103448275862064
2 0.40446168768186225 0.3413793103448276 0.0659553831231814 0.05517241379310349
5 0.8307468477206595 0.5939655172413794 0.030067895247332645 0.11896551724137944
5 0.9500484966052377 0.6431034482758621 0.03588748787584862 0.1620689655172413
5 0.7987390882638215 0.35431034482758617 0.01842870999030069 0.08448275862068964
5 0.7774005819592628 0.3396551724137931 0.012609117361784711 0.08275862068965513
5 0.8263821532492724 0.4586206896551724 0.021338506304558535 0.08620689655172413
5 0.8103782735208535 0.44137931034482764 0.01842870999030069 0.0896551724137931
6 0.2938894277400582 0.375 0.0155189136760427 0.09137931034482762
0 0.030067895247332683 0.6008620689655174 0.060135790494665366 0.14310344827586177
6 0.037342386032977695 0.5534482758620689 0.02812803103782736 0.1310344827586207
3 0.613482056256062 0.42068965517241375 0.022308438409311526 0.08620689655172416
3 0.6338506304558681 0.30775862068965515 0.022308438409311224 0.06379310344827588
0 0.7560620756547042 0.3612068965517241 0.02036857419980606 0.07758620689655174
0 0.7526673132880697 0.40431034482758604 0.023278370514063906 0.09137931034482732
2 0.6833171677982541 0.23965517241379308 0.02424830261881681 0.02758620689655171
2 0.7109602327837051 0.23793103448275865 0.017458777885547932 0.02413793103448274
2 0.6207565470417071 0.2353448275862069 0.019398642095053268 0.029310344827586175
2 0.6464597478176528 0.23448275862068968 0.02036857419980599 0.02413793103448274
