2 0.5649854510184287 0.506896551724138 0.07468477206595538 0.09310344827586213
2 0.6028128031037828 0.3603448275862069 0.05916585838991274 0.06206896551724142
2 0.6353055286129972 0.28879310344827586 0.03685741998060138 0.039655172413793134
2 0.6891367604267701 0.2767241379310345 0.032007759456838016 0.05
2 0.6488845780795345 0.25775862068965516 0.027158098933074727 0.03620689655172413
2 0.6600387972841901 0.24913793103448278 0.028128031037827413 0.029310344827586227
2 0.6702230843840931 0.24051724137931035 0.029097963142579886 0.03275862068965516
0 0.7822502424830262 0.5879310344827586 0.08438409311348209 0.12413793103448277
0 0.14064015518913675 0.5810344827586207 0.07565470417070802 0.13103448275862078
0 0.7463627546071774 0.2560344827586207 0.014548981571289943 0.04655172413793103
0 0.7284190106692532 0.25689655172413794 0.015518913676042558 0.062068965517241385
5 0.15809893307468478 0.5232758620689656 0.025218234723569353 0.10517241379310349
5 0.9238603297769157 0.6732758620689655 0.03588748787584862 0.15689655172413786
5 0.8123181377303588 0.425 0.016488845780795316 0.09137931034482762
5 0.7764306498545102 0.39482758620689656 0.02036857419980606 0.06896551724137936
5 0.7880698351115422 0.38362068965517243 0.02036857419980592 0.08103448275862078
5 0.7783705140640155 0.33620689655172414 0.01842870999030069 0.07241379310344832
