2 0.09767092411720518 0.7550066755674227 0.1712997746055599 0.20160213618157574
2 0.2126220886551465 0.6528704939919894 0.11720510894064612 0.157543391188251
2 0.29301277235161527 0.46194926568758343 0.07513148009015781 0.10413885180240316
7 0.41284748309541713 0.4032042723631508 0.07287753568745281 0.1255006675567424
4 0.3264462809917355 0.41188251001335113 0.0262960180315552 0.07343124165554073
2 0.6739293764087164 0.484646194926569 0.10668670172802423 0.10947930574098846
2 0.615702479338843 0.3978638184245661 0.0518407212622089 0.08010680907877166
2 0.6498873027798647 0.31308411214953275 0.03606311044327576 0.060080106809078763
2 0.6686701728024042 0.2510013351134846 0.025544703230653595 0.04005340453938583
5 0.9849737039819683 0.6802403204272365 0.024042073628850337 0.15353805073431237
0 0.050713749060856496 0.548064085447263 0.0473328324567994 0.10814419225634182
5 0.22539444027047298 0.3598130841121494 0.024042073628850448 0.09212283044058724
4 0.5432006010518408 0.31108144192256343 0.013523666416228366 0.06408544726301735
2 0.35048835462058603 0.39652870493991993 0.04583020285499629 0.1068090787716956
2 0.44853493613824197 0.3751668891855807 0.05108940646130726 0.08010680907877166
2 0.3933132982719759 0.35113484646194926 0.041322314049586806 0.05874499332443264
2 0.42073628850488354 0.32242990654205606 0.04057099924868524 0.04672897196261687
2 0.466190833959429 0.3371161548731642 0.04733283245679942 0.07343124165554073
2 0.43764087152516906 0.3030707610146862 0.027798647633358372 0.048064085447262955
2 0.48459804658151756 0.3197596795727636 0.04057099924868523 0.06275033377837118
2 0.50939143501127 0.3070761014686255 0.03756574004507958 0.04272363150867834
2 0.5041322314049587 0.2650200267022697 0.02404207362885046 0.04405874499332445
2 0.5251690458302029 0.28838451268357806 0.030052592036063003 0.05073431241655541
