0 0.7468477206595537 0.678448275862069 0.044616876818622725 0.19482758620689658
6 0.7609117361784675 0.596551724137931 0.049466537342385965 0.15172413793103418
6 0.6483996120271581 0.5603448275862069 0.04946653734238609 0.12068965517241381
0 0.74733268671193 0.40862068965517223 0.02036857419980629 0.09310344827586212
5 0.7798254122211443 0.27931034482758604 0.011639185257031847 0.06551724137931031
5 0.18671193016488843 0.3870689655172414 0.020368574199806026 0.10517241379310342
5 0.03394762366634335 0.489655172413793 0.02521823472356935 0.10344827586206896
5 0.3942774005819592 0.278448275862069 0.012609117361784711 0.060344827586206906
5 0.7643064985451012 0.25172413793103443 0.011639185257032092 0.05517241379310325
2 0.5130940834141611 0.9206896551724139 0.14161008729388946 0.1586206896551724
2 0.08244422890397661 0.6448275862068968 0.16488845780795322 0.14827586206896484
2 0.31425800193986403 0.45172413793103466 0.07953443258971873 0.11034482758620692
2 0.5601357904946652 0.4793103448275868 0.0785645004849663 0.10689655172413888
2 0.6804073714839959 0.23965517241379303 0.02036857419980644 0.03448275862068949
2 0.6323957322987391 0.23275862068965517 0.02133850630455875 0.02413793103448274
2 0.6522793404461689 0.23448275862068968 0.016488845780795458 0.02413793103448274
