2 0.2890397672162948 0.4629310344827586 0.07177497575169739 0.1155172413793104
2 0.3603297769156159 0.4862068965517241 0.07662463627546075 0.1241379310344827
2 0.33462657613967023 0.41896551724137937 0.06207565470417073 0.09655172413793103
2 0.4030067895247333 0.4293103448275862 0.06498545101842879 0.10689655172413794
2 0.4291949563530553 0.3931034482758621 0.04558680892337534 0.08620689655172413
2 0.36954413191076624 0.3741379310344828 0.06013579049466543 0.07241379310344825
2 0.4034917555771096 0.34827586206896555 0.042677012609117354 0.07931034482758623
2 0.4345295829291949 0.3258620689655172 0.04073714839961205 0.06206896551724142
2 0.4631425800193986 0.35603448275862076 0.04946653734238602 0.09137931034482757
2 0.48836081474296805 0.3258620689655172 0.05140640155189139 0.07241379310344823
2 0.46168768186226955 0.29655172413793096 0.044616876818622614 0.06206896551724126
2 0.5164888457807953 0.2991379310344827 0.04364694471387004 0.04999999999999996
2 0.5218234723569349 0.26120689655172413 0.0310378273520854 0.03275862068965516
2 0.5999030067895248 0.44741379310344825 0.09602327837051412 0.09137931034482755
7 0.6105722599418041 0.33620689655172414 0.04558680892337527 0.06551724137931039
7 0.6614936954413192 0.24741379310344824 0.021338506304558677 0.03965517241379306
7 0.6910766246362755 0.2353448275862069 0.012609117361784711 0.022413793103448255
2 0.661493695441319 0.3060344827586207 0.03297769156159078 0.046551724137930996
2 0.6881668283220175 0.27155172413793105 0.032007759456838016 0.04310344827586203
2 0.6532492725509215 0.26982758620689656 0.03394762366634332 0.032758620689655196
2 0.6794374393792435 0.23362068965517238 0.024248302618816667 0.032758620689655196
1 0.7662463627546066 0.6017241379310345 0.4675072744907854 0.2931034482758621
0 0.8836081474296799 0.8879310344827587 0.09505334626576144 0.21034482758620685
0 0.41028128031037825 0.2956896551724138 0.019398642095053376 0.07068965517241381
5 0.7725509214354994 0.31724137931034485 0.01842870999030069 0.06896551724137925
5 0.4568380213385063 0.2551724137931034 0.011639185257032026 0.04137931034482758
3 0.5780795344325896 0.3793103448275862 0.021338506304558677 0.08275862068965516
