2 0.19307450157397696 0.5932835820895522 0.10912906610703046 0.14552238805970158
2 0.34260230849947526 0.6930970149253726 0.12067156348373574 0.1996268656716415
2 0.45960125918153194 0.30410447761194026 0.04197271773347318 0.0671641791044776
5 0.02675760755508919 0.5223880597014925 0.011542497376705145 0.10820895522388056
5 0.011542497376705142 0.5149253731343283 0.014690451206715636 0.08955223880597003
5 0.6862539349422871 0.5960820895522386 0.07135362014690452 0.1361940298507467
5 0.7644281217208814 0.4598880597014925 0.03043022035676799 0.11380597014925371
6 0.4244491080797481 0.40111940298507465 0.032528856243441734 0.08955223880597017
2 0.5078698845750261 0.2677238805970149 0.03567681007345222 0.0578358208955224
2 0.5398740818467995 0.9244402985074623 0.13955928646379842 0.1511194029850746
