5 0.8722669735327964 0.6462167689161553 0.04602991944764085 0.1349693251533742
0 0.7307249712313003 0.5981595092024539 0.06674338319907946 0.12474437627811855
0 0.6565017261219793 0.632924335378323 0.06329113924050635 0.1451942740286299
0 0.6455696202531643 0.5940695296523516 0.08975834292289982 0.10429447852760747
2 0.5276179516685846 0.8445807770961145 0.1093210586881473 0.24130879345603276
7 0.20080552359033374 0.632924335378323 0.15535097813578824 0.24744376278118616
2 0.07479861910241659 0.769938650306748 0.14959723820483317 0.19836400817995764
2 0.2911392405063291 0.5777096114519428 0.07364787111622548 0.14928425357873215
2 0.32623705408515535 0.48466257668711654 0.09781357882623709 0.147239263803681
2 0.5684695051783659 0.4263803680981596 0.059838895281933306 0.10429447852760738
2 0.42807825086306095 0.3997955010224949 0.05983889528193323 0.08793456032719839
2 0.40506329113924056 0.34253578732106343 0.05753739930955121 0.06339468302658488
2 0.45684695051783664 0.35991820040899797 0.04372842347525889 0.0777096114519427
2 0.49194476409666277 0.32310838445807777 0.044879171461449874 0.08997955010224949
2 0.4407364787111622 0.3118609406952965 0.04602991944764092 0.06339468302658488
5 0.07192174913693901 0.47239263803680986 0.028768699654775604 0.11451942740286299
2 0.6038633097179735 0.34545154275260387 0.04348342669388778 0.0696422060435797
2 0.5501800668860135 0.2700853197739353 0.03059944841421725 0.04483813265819521
2 0.6371469202737888 0.28582636634542935 0.03274677812749559 0.05151615241579876
2 0.6532518931233768 0.262453297193817 0.02415745927438195 0.046746138303224785
2 0.5759480234453543 0.2538672717911838 0.0273784538442996 0.04483813265819517
2 0.5346119264647451 0.2510052633236395 0.030599448414217106 0.046746138303224855
5 0.4170456246627526 0.26531530566136136 0.009126151281433152 0.0562861665283727
0 0.7437081572952294 0.2629302986050744 0.013957643136309485 0.04388412983568042
5 0.7896073299165556 0.2920273846917755 0.010199816138072464 0.05056214959328397
5 0.7799443462068026 0.29107338186926074 0.009126151281433294 0.042930127013165634
5 0.7810180110634419 0.27199332541896487 0.010199816138072464 0.035298104433047255
5 0.7788706813501635 0.26388430142758923 0.011273480994711633 0.03625210725556212
5 0.6431342125678822 0.5324137931034483 0.02172226532195495 0.08275862068965509
0 0.6586501163692785 0.5641379310344827 0.051202482544608185 0.08827586206896555
