2 0.5233918128654971 0.8295218295218295 0.1321637426900584 0.19958419958419968
2 0.7999999997912681 0.5270270270270271 0.15438596449481795 0.08523908523908515
2 0.5526315789473685 0.5405405405405405 0.07836257309941516 0.12058212058212056
2 0.5719298245614035 0.4324324324324324 0.05146198830409368 0.08731808731808734
2 0.4181286547202825 0.4137214137214138 0.06666666666666664 0.09563409563409564
2 0.476608187134503 0.3544698544698545 0.0549707602339182 0.06860706860706862
2 0.4426900584795321 0.316008316008316 0.05029239766081865 0.05821205821205822
2 0.39005847953216377 0.36174636174636177 0.052631578947368356 0.08316008316008322
2 0.17660818684227894 0.5862785862785862 0.1052631576442591 0.14968814968814967
2 0.23274853801169593 0.6434511434511435 0.009356725146198848 0.0020790020790020947
7 0.08362573099415202 0.7453222453222453 0.1672514619883041 0.3846153846153846
7 0.3140350877192983 0.4428274428274429 0.09239766081871345 0.12058212058212056
2 0.654970760233918 0.3586278586278587 0.06315789473684205 0.08523908523908524
5 0.25438596491228066 0.34615384615384615 0.024561403508771954 0.08523908523908524
0 0.7504362947699748 0.2660609886634034 0.012625979069037214 0.048894263316427065
0 0.736908460117529 0.26606098866340333 0.01082226777346051 0.05049735391696572
2 0.6413117616451011 0.27968725876798145 0.03877979285490014 0.04568808211534986
2 0.5353437228368265 0.2917104382720208 0.04328907109384218 0.0488942633164271
2 0.4900254765354606 0.2836949852693279 0.039230720678794385 0.04568808211534993
2 0.5200121768244241 0.26686253396367265 0.03246680332038153 0.04248190091427265
2 0.5405293928116097 0.2544385818094986 0.03201587549648728 0.04168035561400345
2 0.5549590831762238 0.24802621940734418 0.02389917466639197 0.03206181201077182
2 0.5709670209244675 0.26165248951192227 0.02615381378586292 0.035267993211849064
2 0.5856221752010302 0.25684321771030644 0.025702885961968822 0.03847417441292625
2 0.5946407316789124 0.24682390145694025 0.022095463370815267 0.0328633573110411
2 0.6622799052630408 0.25684321771030644 0.028408452905333944 0.03366490261131044
0 0.617412586785569 0.2556408997599025 0.009920412125671945 0.04408499151481134
7 0.5666832065974727 0.2388084484542473 0.026604741609757242 0.037672629112656925
