2 0.5213385063045587 0.8224137931034483 0.11154219204655674 0.21034482758620698
2 0.2618816682832202 0.6198275862068965 0.10475266731328806 0.1603448275862069
2 0.2584869059165859 0.5181034482758622 0.09020368574199818 0.15000000000000002
2 0.700290979631426 0.24913793103448278 0.02521823472356928 0.04310344827586203
2 0.6459747817652765 0.2353448275862069 0.02133850630455875 0.025862068965517224
7 0.6930164888457807 0.23189655172413792 0.02618816682832204 0.05344827586206897
7 0.7182347235693501 0.2353448275862069 0.016488845780795458 0.025862068965517224
6 0.4636275460717749 0.41724137931034483 0.025218234723569353 0.1
0 0.6493695441319107 0.5767241379310345 0.05334626576139662 0.156896551724138
5 0.6503394762366633 0.5577586206896552 0.01842870999030069 0.13965517241379316
0 0.1973811833171678 0.9181034482758621 0.07662463627546069 0.16379310344827588
0 0.3787584869059166 0.6206896551724129 0.041707080504364634 0.1724137931034483
0 0.7502424830261881 0.3931034482758621 0.022308438409311435 0.10344827586206896
0 0.45877788554801163 0.2681034482758621 0.011639185257031955 0.056896551724137934
0 0.5067895247332687 0.24741379310344824 0.022308438409311293 0.046551724137930996
6 0.7478176527643066 0.3112068965517241 0.017458777885548074 0.07068965517241381
5 0.37245392822502427 0.2818965517241379 0.013579049466537327 0.07068965517241381
5 0.3583899127061106 0.29310344827586204 0.016488845780795316 0.06896551724137932
5 0.3157129000969932 0.31724137931034485 0.014548981571290014 0.058620689655172385
5 0.9544131910766247 0.681896551724138 0.03879728419010661 0.15344827586206888
5 0.8031037827352085 0.4129310344827586 0.019398642095053445 0.09137931034482755
5 0.7870999030067896 0.38103448275862073 0.01842870999030069 0.08620689655172413
