2 0.20713463751438435 0.696319018404908 0.21173762945914845 0.1492842535787321
2 0.5333716915995397 0.8588957055214723 0.1300345224395857 0.23721881390593055
3 0.65263709520624 0.3318262452416087 0.018787730456820383 0.0662366958684004
3 0.6386978113189216 0.2820140959096815 0.013333228066130545 0.051696933360702746
2 0.6955155445552735 0.23704853408032028 0.016666535082663074 0.026386976402858694
2 0.603429605833843 0.241283298688716 0.022766935431546075 0.031999416609614716
2 0.5888380699436248 0.2328236828034156 0.01842052048552361 0.03494189170015396
2 0.6247477362833815 0.23686958605290706 0.022352991150972345 0.026114466428536112
2 0.6430647706987617 0.23043292179235236 0.016764743363229258 0.021332944406409773
5 0.7332861209546775 0.24345827307446563 0.008210465069227695 0.03465311573568986
0 0.741804221081189 0.24411539989189507 0.006078684538167778 0.03768281397965406
0 0.747529493727603 0.2438641811320307 0.008764614915497902 0.036175501420467916
5 0.7658004644370121 0.23802329497519645 0.005644694735093907 0.03209972826042854
