0 0.08285385500575373 0.5848670756646217 0.04372842347525891 0.12269938650306735
5 0.15362485615650173 0.5122699386503068 0.026467203682393574 0.09611451942740282
5 0.11795166858458 0.5296523517382412 0.02876869965477562 0.0940695296523517
2 0.16168009205983888 0.6083844580777096 0.12082853855005751 0.1738241308793456
2 0.31530494821634064 0.5756646216768917 0.1035673187571922 0.1574642126789366
2 0.5040276179516686 0.6993865030674847 0.08515535097813583 0.13496932515337426
2 0.5172612197928657 0.5746421267893662 0.07249712313003505 0.13905930470347636
2 0.28883774453394695 0.4795501022494888 0.08055235903337143 0.11656441717791413
2 0.3452243958573073 0.40899795501022496 0.07134637514384355 0.09406952965235177
2 0.4298043728423475 0.4079754601226993 0.0632911392405063 0.0920245398773006
2 0.4067894131185271 0.34560327198364005 0.05638665132336022 0.06952965235173827
2 0.48043728423475257 0.34662576687116564 0.04487917146144994 0.06339468302658488
2 0.46432681242807833 0.3067484662576687 0.04948216340621407 0.06134969325153371
2 0.6357882623705408 0.30265848670756645 0.040276179516685745 0.049079754601226995
5 0.783084004602992 0.29141104294478526 0.01956271576524742 0.05112474437627814
5 0.8037974683544303 0.4325153374233129 0.024165707710011617 0.09611451942740289
5 0.7491369390103568 0.5470347648261759 0.025316455696202667 0.11656441717791409
5 0.7243958573072498 0.5276073619631901 0.024165707710011475 0.12269938650306755
5 0.6944764096662831 0.5828220858895706 0.014959723820483219 0.13496932515337426
5 0.6668584579976985 0.5644171779141105 0.0517836593785961 0.1267893660531697
5 0.21634062140391255 0.36298568507157464 0.01841196777905637 0.09202453987730064
5 0.27502876869965476 0.33946830265848665 0.011507479861910247 0.032719836400818
5 0.2812356632999894 0.3302942028080653 0.00943171629963274 0.05307671023286844
6 0.4020810344763931 0.2843825434262227 0.010999913154557674 0.06456731572862776
6 0.3890811371119158 0.2837901827314646 0.00833326754133168 0.05390482322298279
6 0.3482481261593908 0.3039304463532384 0.011333243856211013 0.040872887938305597
5 0.3674146415044535 0.28053219891029535 0.007666606138025003 0.0616055122548374
5 0.3802478735181042 0.2834940023840856 0.008666598242984875 0.05212774113870868
0 0.712313003452244 0.3609406952965235 0.018411967779056227 0.07975460122699389
6 0.7341772151898734 0.4519427402862986 0.027617951668584623 0.11042944785276071
2 0.6621189933922668 0.2532336823304377 0.02859122035420398 0.03989442423862549
2 0.5662117352420888 0.24261661781531935 0.028591220354204392 0.03796404887224053
0 0.5041434530807476 0.23907759631028028 0.011581253814361077 0.04632900879324246
5 0.768702719902559 0.27125051908336534 0.009409768724168401 0.030886005862161597
5 0.7658074064489688 0.24969466082539837 0.010133597087565817 0.032816381228546694
5 0.7746743039005889 0.2509815777363218 0.007600197815674506 0.035390215050393546
