7 0.2657098525989139 0.5524137931034481 0.1714507370054305 0.32137931034482753
7 0.5038789759503491 0.8496551724137931 0.1388673390224981 0.2593103448275862
7 0.058572536850271535 0.6441379310344827 0.11714507370054307 0.17931034482758626
2 0.5907680372381691 0.46551724137931033 0.06749418153607444 0.10344827586206896
2 0.612878200155159 0.3475862068965517 0.05120248254460826 0.0662068965517241
2 0.6644685802948022 0.3103448275862069 0.0426687354538403 0.05241379310344826
2 0.5624515128006207 0.26758620689655177 0.034134988363072126 0.044137931034482776
2 0.49612102404965086 0.2848275862068966 0.03646237393328157 0.045517241379310354
2 0.45422808378588025 0.3089655172413794 0.0519782777346776 0.05517241379310347
2 0.45771916214119474 0.3372413793103448 0.0031031807602792585 0.006896551724137936
5 0.14468580294802172 0.5227586206896553 0.02560124127230411 0.1351724137931034
5 0.6470131885182312 0.546896551724138 0.021722265321955092 0.08689655172413793
0 0.8762606671838634 0.7475862068965518 0.041117145073700526 0.17103448275862065
0 0.6633048875096975 0.58 0.06671838634600476 0.1227586206896551
0 0.7284716834755625 0.2786206896551724 0.015515903801396433 0.06068965517241381
0 0.5341000769386333 0.23208729763503733 0.011844464128323864 0.028663149379657575
4 0.5391997767716612 0.24846624013769836 0.010199399666056925 0.03919246955993985
2 0.5773652722962607 0.2531459379956021 0.029282147428356352 0.040362394024415806
2 0.6865975525908028 0.27040232384662044 0.02928214742835621 0.039777431792177825
5 0.7691797885966164 0.25285345687948313 0.010199399666056621 0.03743758286322624
2 0.70209405982536 0.2495776683789508 0.024248250173818632 0.031529464317623344
2 0.5935198053157247 0.23703022849744762 0.018457623266638024 0.032172922773085054
