2 0.537827352085354 0.9189655172413793 0.14645974781765284 0.16206896551724143
2 0.5169738118331717 0.6741379310344828 0.09505334626576144 0.17241379310344832
2 0.5703200775945684 0.4948275862068965 0.0814742967992241 0.11379310344827587
2 0.6576139670223085 0.33103448275862063 0.042677012609117285 0.05517241379310342
2 0.6008729388942774 0.3586206896551724 0.04558680892337527 0.06896551724137936
2 0.6852570320077596 0.275 0.033947623666343386 0.03965517241379306
2 0.7061105722599419 0.24741379310344824 0.021338506304558677 0.029310344827586227
2 0.6770126091173618 0.24310344827586206 0.02327837051406391 0.03448275862068964
2 0.57274490785645 0.26120689655172413 0.033947623666343386 0.03620689655172413
2 0.5940834141610086 0.2448275862068966 0.02618816682832204 0.03448275862068964
2 0.6115421920465568 0.23620689655172414 0.024248302618816595 0.02413793103448274
2 0.6265761396702232 0.23275862068965517 0.021338506304558677 0.03103448275862071
2 0.6382153249272551 0.23103448275862068 0.021338506304558677 0.03103448275862071
2 0.5067895247332688 0.2689655172413793 0.03394762366634332 0.04827586206896548
2 0.40494665373423855 0.35431034482758617 0.04558680892337542 0.07068965517241377
2 0.3268671193016489 0.4353448275862069 0.06789524733268677 0.09482758620689652
3 0.16973811833171681 0.5818965517241379 0.04461687681862269 0.12931034482758627
0 0.08971871968962172 0.5793103448275861 0.02618816682832203 0.13448275862068976
0 0.05480116391852571 0.5655172413793104 0.032007759456838016 0.12068965517241381
0 0.1532492725509214 0.4724137931034483 0.025218234723569353 0.11034482758620691
0 0.18671193016488846 0.4258620689655173 0.02618816682832204 0.11034482758620691
0 0.013579049466537341 0.5818965517241379 0.02521823472356935 0.14310344827586213
0 0.7347235693501455 0.5991379310344828 0.061105722599418044 0.14310344827586208
0 0.6251212415130941 0.5706896551724138 0.04170708050436467 0.11379310344827587
0 0.6605237633365664 0.5913793103448275 0.06983511154219216 0.12068965517241381
0 0.7487875848690593 0.32155172413793104 0.017458777885548074 0.07068965517241377
3 0.49515033947623666 0.3224137931034482 0.030067895247332888 0.06551724137931035
5 0.46702230843840953 0.24396551724137935 0.014548981571290033 0.03965517241379315
5 0.5373423860329777 0.23448275862068968 0.013579049466537327 0.04137931034482758
5 0.7822502424830262 0.29568965517241375 0.014548981571289943 0.0568965517241379
5 0.7696411251212416 0.278448275862069 0.01066925315227948 0.060344827586206906
