0 0.6613653995345227 0.5841379310344817 0.06749418153607432 0.13931034482758606
0 0.7459270752521334 0.5393103448275862 0.025601241272304093 0.11862068965517246
5 0.06826997672614431 0.5524137931034483 0.01706749418153607 0.09517241379310341
5 0.09231962761830875 0.5544827586206896 0.01706749418153608 0.1296551724137931
5 0.11055081458494957 0.5531034482758621 0.01939487975174554 0.10206896551724143
5 0.10007757951900699 0.5117241379310344 0.020170674941815358 0.08551724137931033
5 0.14197051978277733 0.5013793103448275 0.02327385570209465 0.059310344827586195
6 0.01551590380139643 0.6137931034482758 0.03103180760279286 0.1544827586206896
2 0.165244375484872 0.5806896551724138 0.11636927851047324 0.18758620689655175
2 0.2847168347556245 0.4779310344827584 0.07913110938712178 0.1255172413793101
2 0.3657874321179208 0.3862068965517241 0.06283941039565552 0.08275862068965517
2 0.5333591931730023 0.6310344827586207 0.08611326609775012 0.1227586206896551
2 0.6183087664856478 0.323448275862069 0.037238169123351386 0.059310344827586195
2 0.5217222653219548 0.2820689655172415 0.04422032583397978 0.07034482758620673
2 0.6590380139643135 0.2586206896551724 0.022498060512024874 0.02896551724137932
5 0.39759503491078346 0.2696551724137931 0.01318851823118699 0.051034482758620714
