2 0.310126582278481 0.5766871165644172 0.08860759493670887 0.1635991820040899
2 0.5207134637514385 0.9693251533742331 0.14614499424626012 0.06134969325153378
2 0.5218642117376295 0.6094069529652352 0.09551208285385507 0.12269938650306748
2 0.5604142692750287 0.49079754601226994 0.06444188722669729 0.09815950920245399
0 0.07710011507479862 0.5746421267893662 0.11047180667433831 0.14314928425357856
2 0.4361334867663982 0.32617586912065444 0.04833141542002302 0.08384458077709614
5 0.8673657035600564 0.4857276291637177 0.019020627870925892 0.10447731382680417
5 0.7878248960998203 0.31518377865231667 0.012104035917862035 0.07067582994166166
5 0.7765854341760913 0.28522337248139484 0.013833183906128 0.05377508799909041
0 0.7567002323110317 0.5149198197917954 0.02939551580052209 0.12906021119781702
3 0.5543899176839101 0.4119789370506794 0.02766636781225607 0.07067582994166166
2 0.525891829689298 0.2740286298568507 0.04142692750287694 0.05725971370143149
2 0.6321598121520836 0.31875712683059904 0.04366632191657773 0.06101315156007939
2 0.6404930796934153 0.27225681229209187 0.035666385076899516 0.054497183917740805
5 0.43316138326508424 0.2538936307545922 0.01033325175125121 0.04857357697016031
5 0.5266606450788252 0.2299030226168911 0.005999952629758738 0.031395116822176765
5 0.5379938889350362 0.23197628504854428 0.00466662982314574 0.03198747751693485
2 0.5688269788379633 0.2571516145757615 0.028999771043833958 0.0396881665487895
2 0.5586603924375386 0.24797002380701172 0.02066650350250242 0.03554164168548315
2 0.5801602226941742 0.23582662956447162 0.021666495607462224 0.03613400238024127
2 0.6013267222491566 0.2444158596384634 0.025333133325648093 0.03554164168548318
5 0.29513354572041556 0.3237169626320339 0.010266585610920594 0.0645080796591519
2 0.6771388003121741 0.23942928569815358 0.016363507172069375 0.02800250557038062
