2 0.7628516003879702 0.529310344827586 0.15033947623666302 0.10689655172413809
2 0.6202715809893308 0.4267241379310345 0.061105722599418044 0.09827586206896555
2 0.6707080504364694 0.29137931034482756 0.030067895247332645 0.044827586206896586
2 0.6483996120271581 0.26724137931034486 0.024248302618816737 0.04827586206896555
2 0.666828322017459 0.25258620689655165 0.02036857419980622 0.029310344827586182
2 0.4873908826382153 0.4163793103448276 0.06692531522793409 0.08793103448275857
2 0.5067895247332685 0.3051724137931035 0.04946653734238583 0.06896551724137913
2 0.3307468477206596 0.4301724137931035 0.07371483996120272 0.0844827586206896
2 0.3642095053346266 0.3887931034482759 0.05528612997090207 0.09137931034482755
2 0.41561590688651795 0.41810344827586204 0.061105722599418044 0.09137931034482755
2 0.43840931134820565 0.38103448275862073 0.05431619786614931 0.07241379310344825
7 0.38409311348205627 0.3560344827586207 0.054316197866149454 0.09137931034482762
7 0.41658583899127066 0.3301724137931034 0.04946653734238602 0.07413793103448281
7 0.5174587778855481 0.26120689655172413 0.037827352085354066 0.053448275862069
5 0.1755577109602328 0.403448275862069 0.021338506304558677 0.08965517241379317
5 0.15179437439379234 0.40603448275862086 0.01842870999030054 0.08793103448275856
5 0.3685741998060136 0.2810344827586207 0.013579049466537327 0.06551724137931035
5 0.8336566440349173 0.5620689655172398 0.028128031037826864 0.1310344827586203
5 0.8676042677012609 0.4905172413793103 0.02618816682832204 0.09482758620689652
5 0.8132880698351116 0.4387931034482759 0.018428709990300832 0.07758620689655174
5 0.8074684772065956 0.41810344827586204 0.016488845780795316 0.07068965517241381
5 0.7866149369544132 0.4301724137931035 0.02133850630455882 0.08103448275862071
5 0.8016488845780796 0.3905172413793103 0.012609117361784711 0.07413793103448278
5 0.7832201745877789 0.39655172413793127 0.016488845780795184 0.07241379310344825
5 0.7570320077594568 0.28448275862068967 0.014548981571289943 0.05862068965517242
5 0.7725509214354994 0.2560344827586207 0.012609117361784711 0.043103448275862065
5 0.7909796314258003 0.34913793103448276 0.012609117361784711 0.06724137931034481
5 0.7769156159068862 0.34051724137931033 0.011639185257032354 0.0672413793103448
5 0.7846750727449079 0.3008620689655172 0.0155189136760427 0.06034482758620694
0 0.06304558680892337 0.5698275862068968 0.06983511154219206 0.12931034482758602
0 0.24733268671193007 0.4017241379310344 0.02715809893307468 0.10344827586206878
2 0.4636275460717749 0.35603448275862065 0.04267701260911742 0.07068965517241388
2 0.48205625606207564 0.33534482758620693 0.04073714839961205 0.07413793103448281
2 0.43937924345295826 0.31724137931034485 0.03685741998060138 0.055172413793103454
2 0.457807953443259 0.3025862068965517 0.036857419980601304 0.04655172413793103
2 0.47769156159068865 0.29224137931034483 0.033947623666343386 0.0637931034482758
2 0.5169738118331716 0.38362068965517243 0.05819592628515999 0.08448275862068969
2 0.545101842870999 0.24827586206896549 0.02327837051406398 0.03793103448275861
2 0.5528612997090204 0.24655172413793103 0.02327837051406412 0.03793103448275858
0 0.8355965082444229 0.6913793103448276 0.03588748787584862 0.14827586206896548
0 0.7099903006789525 0.5758620689655173 0.06789524733268677 0.14137931034482767
