7 0.3181818181818182 0.41922290388548056 0.09321058688147296 0.15950920245398778
2 0.401035673187572 0.44785276073619634 0.06789413118527043 0.09406952965235177
2 0.6126964741072634 0.4738744407962336 0.10717859431400825 0.1281321190919617
2 0.3723565959485777 0.37979545245393664 0.048717542870004495 0.11543434152428944
2 0.40808279405324754 0.34170211975092174 0.044820139440403466 0.08311272589748864
2 0.44088593958571676 0.3174609080308209 0.038974034296003025 0.07387797857554541
2 0.6409971426195838 0.2887147033061784 0.03318600465975706 0.04943469171213003
5 0.4947719031434491 0.23836265227781772 0.009090837317816281 0.038772700020527004
5 0.5381048943583735 0.23216979046898356 0.004242390748314335 0.026386976402858694
2 0.654488067187249 0.266335159158886 0.025757372400478887 0.0436192875230929
5 0.7785335979778145 0.33892312290778315 0.00846993312900949 0.07454266982835335
5 0.7828602924177221 0.2735169565024878 0.007464059153843294 0.03924037029081312
5 0.7741522234049049 0.25444945262878277 0.004976039435895935 0.025976019769974875
5 0.7680099247262211 0.24436301942022873 0.00482053820352391 0.024041635319019292
