2 0.36617532971295574 0.4779310344827586 0.08844065166795964 0.11172413793103451
2 0.3227307990690458 0.43241379310344824 0.07292474786656325 0.0896551724137931
2 0.5989138867339022 0.35172413793103446 0.057408844065166775 0.07724137931034485
2 0.4794414274631494 0.2931034482758621 0.04189294026377032 0.0620689655172414
0 0.6539953452288596 0.5965517241379312 0.0791311093871218 0.11724137931034473
0 0.0612878200155159 0.5834482758620689 0.06671838634600466 0.129655172413793
5 0.06865787432117922 0.5193103448275862 0.025601241272304103 0.09793103448275865
5 0.9709076803723817 0.6944827586206896 0.03491078355314223 0.15586206896551721
4 0.6400310318076028 0.27586206896551724 0.01551590380139629 0.04965517241379313
7 0.660977501939488 0.2558620689655173 0.024825446082234207 0.05379310344827587
5 0.769200930954228 0.27172413793103445 0.013188518231186918 0.05241379310344822
