2 0.04775604142692749 0.8537832388848612 0.09551208285385498 0.2597137170335262
2 0.1518987341772152 0.7188139059304705 0.1518987341772152 0.18609406952965238
5 0.16915995397008057 0.5204498977505112 0.02531645569620254 0.12065439672801638
5 0.13291139240506328 0.40286298568507156 0.031070195627157647 0.09815950920245399
5 0.1611047180667434 0.4069529652351738 0.020713463751438434 0.08179959100204506
5 0.36018411967779057 0.5470347648261759 0.03222094361334868 0.165644171779141
6 0.4444329362421193 0.5152373330812066 0.02500833867326854 0.12824755343348607
7 0.7338151517927122 0.49873022708705084 0.16076791327655343 0.14856400722939653
0 0.8476495259108502 0.6723875678142273 0.03613919295475938 0.16055704845442725
0 0.8219716782851001 0.6030945258496849 0.06086600918696334 0.09971437746117054
5 0.7853569696335674 0.6157700823066135 0.029481973199935254 0.12506549037502743
5 0.7387564313497988 0.6140800081123563 0.03138403598702808 0.12844563876354173
5 0.8262513195560584 0.5574625226047426 0.029481973199935254 0.10309452584968483
0 0.33932324606035236 0.30986665314607337 0.023775784838657544 0.06760296777028511
2 0.2832123938411206 0.4788740725717861 0.08464179402562078 0.09802430326691329
4 0.32458225946038477 0.4298619209383295 0.024726816232203852 0.07774341293582793
2 0.3402742774538986 0.4112711048015012 0.06181704058050997 0.09802430326691297
2 0.4463142778343112 0.34366813703121596 0.055159820825685484 0.07436326454731368
2 0.41302817906019074 0.396060437053187 0.055159820825685414 0.08788385810137064
2 0.3883013628279868 0.4594382193378289 0.06276807197405603 0.10985482262671314
2 0.5951506909243074 0.4053558451216011 0.05801291500632438 0.06591289357602798
2 0.5913465653501221 0.3597238418766587 0.050404663857953905 0.06253274518751362
0 0.5109844125954597 0.34366813703121596 0.024726816232203887 0.07436326454731368
0 0.7183092563885531 0.3140918386317162 0.02282475344511127 0.07605333874157079
5 0.7977203777496694 0.34958339671111593 0.025677847625750018 0.0726731903530565
2 0.6189264757629649 0.3005712450776592 0.04089434992249096 0.06929304196454225
2 0.6484084489629001 0.26930487248390234 0.03709022434830572 0.05408237421622815
0 0.9838895281933255 0.6134969403163544 0.03222094361334868 0.12678938165520356
