2 0.5172612197928654 0.8384458077709611 0.1093210586881473 0.2004089979550102
2 0.5592635212888379 0.5439672801635977 0.0759493670886077 0.13087934560327164
2 0.3757192174913695 0.37321063394683024 0.05638665132336025 0.10838445807770959
2 0.26985040276179517 0.49591002044989774 0.08860759493670887 0.11656441717791409
2 0.14902186421173763 0.6022494887525562 0.13924050632911394 0.1738241308793456
4 0.5604142692750288 0.4243353783231084 0.03222094361334875 0.08793456032719832
4 0.622554660529344 0.4079754601226994 0.023014959723820495 0.08793456032719832
4 0.596662830840046 0.3282208588957055 0.024165707710011475 0.06339468302658485
2 0.4735327963176064 0.29652351738241306 0.040276179516685884 0.06952965235173818
0 0.7474108170310703 0.37832310838445804 0.021864211737629518 0.09406952965235177
5 0.10165727278874119 0.5322408115877341 0.021435718862801652 0.10158222054137511
5 0.12049472269847598 0.5351266701258414 0.016239180956667935 0.07964969565176006
5 0.13868260536994406 0.49934202425331153 0.018837449909734794 0.09350181663467474
5 0.11367426669667546 0.5114626301133619 0.018187882671468075 0.09465616004991759
0 0.021138945882116834 0.6055416184556579 0.04227789176423367 0.13274949275293313
0 0.7516469412843826 0.2528167218761125 0.010999913154557816 0.03909580585403145
5 0.7897799735535161 0.3202569869743168 0.014666550872743756 0.05668891848834562
5 0.7740134313653166 0.2840933665593377 0.011733240698195004 0.04430857996790234
5 0.7840966850903279 0.278228995681233 0.009899921839102035 0.04952135408177323
2 0.6702475839406552 0.3124378258035104 0.041066342443682374 0.06320488613068416
1 0.6889474363034033 0.25086193158341097 0.04839961788005411 0.08470757935040155
