2 0.5362014690451207 0.7667910447761195 0.10283315844700944 0.17910447761194034
2 0.3882476390346275 0.4421641791044776 0.06715634837355722 0.0932835820895523
2 0.5844700944386149 0.41791044776119407 0.05456453305351523 0.08582089552238806
2 0.6332633788037775 0.29197761194029853 0.032528856243441664 0.035447761194029856
2 0.6512993278692101 0.2594802737737453 0.027145807681764396 0.03402275669779254
2 0.6973581982800728 0.2547329123740533 0.02047060907149472 0.03085784909799795
2 0.7305116847110802 0.235347853325311 0.012015357498486026 0.0174069917988707
6 0.3793284365162644 0.9160447761194029 0.06610703043022043 0.16791044776119407
0 0.05351521511017838 0.58955223880597 0.029380902413431272 0.12313432835820892
0 0.7476390346274923 0.3414179104477612 0.015739769150052468 0.0746268656716418
5 0.39134908404862145 0.2681749077953068 0.010923052271350785 0.05538588299640651
5 0.4858132583212295 0.23760477757001752 0.006472919864504262 0.03308767036148961
5 0.7789296500115134 0.2656441503776588 0.007355590755118584 0.03447870788656839
