2 0.5169738118331716 0.925 0.1435499515033947 0.15
2 0.5310378273520854 0.603448275862069 0.09020368574199815 0.15517241379310343
2 0.6420950533462658 0.31724137931034485 0.04655674102812817 0.06896551724137925
2 0.6445198836081474 0.27241379310344827 0.03200775945683816 0.03448275862068968
2 0.5106692531522793 0.2655172413793103 0.035887487875848764 0.05517241379310342
2 0.47623666343355964 0.29051724137931034 0.042677012609117354 0.05000000000000004
2 0.41755577109602326 0.33017241379310347 0.05140640155189132 0.06724137931034484
2 0.3797284190106693 0.3801724137931035 0.05722599418040737 0.07758620689655167
2 0.2613967022308439 0.5267241379310346 0.09408341416100871 0.11206896551724142
2 0.038797284190106696 0.6586206896551724 0.07759456838021339 0.12413793103448277
2 0.57274490785645 0.24310344827586206 0.022308438409311293 0.03793103448275861
2 0.6037827352085354 0.23189655172413792 0.02036857419980599 0.032758620689655196
7 0.6222114451988361 0.22327586206896552 0.030067895247332787 0.05344827586206897
2 0.6387002909796314 0.23620689655172414 0.02036857419980606 0.02413793103448274
0 0.6741028128031037 0.593103448275862 0.08147429679922397 0.14137931034482762
0 0.06498545101842872 0.5793103448275861 0.050436469447138706 0.12068965517241381
0 0.3302618816682832 0.34051724137931033 0.014548981571290014 0.08103448275862064
0 0.7483026188166829 0.2793103448275862 0.012609117361784711 0.062068965517241385
0 0.7356935014548981 0.2672413793103448 0.014548981571289943 0.05517241379310342
3 0.6915615906886518 0.275 0.0155189136760427 0.04655172413793103
5 0.31086323957322987 0.3103448275862069 0.014548981571290049 0.06206896551724142
5 0.3612997090203686 0.28706896551724137 0.010669253152279339 0.060344827586206906
5 0.37439379243452964 0.2853448275862069 0.015518913676042629 0.06379310344827588
5 0.4078564500484966 0.2655172413793103 0.014548981571290014 0.058620689655172385
5 0.8137730358874878 0.45 0.02327837051406405 0.1034482758620689
