1 0.5872938894277401 0.4405172413793103 0.16003879728419007 0.26724137931034475
2 0.5237633365664404 0.725 0.10475266731328815 0.1913793103448276
2 0.5009699321047523 0.9672413793103448 0.14645974781765256 0.06551724137931014
2 0.3161978661493695 0.5706896551724138 0.09505334626576137 0.12413793103448277
2 0.10814742967992239 0.6249999999999997 0.15033947623666338 0.17413793103448247
2 0.3511154219204655 0.40948275862068956 0.06789524733268652 0.08793103448275859
2 0.4529582929194956 0.3698275862068965 0.05819592628515999 0.07413793103448278
2 0.463627546071775 0.2982758620689655 0.048496605237633335 0.058620689655172455
2 0.5053346265761397 0.27241379310344827 0.03879728419010668 0.055172413793103454
2 0.5441319107662465 0.2534482758620688 0.02909796314258005 0.03448275862068943
2 0.5838991270611057 0.25 0.029097963142580098 0.03793103448275861
2 0.5640155189136761 0.2456896551724138 0.024248302618816737 0.03620689655172413
2 0.6716779825412219 0.24396551724137924 0.026188166828322024 0.029310344827586116
2 0.7114451988360816 0.23793103448275865 0.014548981571289943 0.031034482758620675
5 0.6653734238603297 0.5655172413793104 0.021338506304558677 0.12413793103448277
5 0.7895247332686712 0.4301724137931035 0.021338506304558677 0.09137931034482755
5 0.14354995150339478 0.5137931034482759 0.031037827352085365 0.0965517241379311
5 0.44180407371483993 0.25689655172413794 0.014548981571289943 0.04137931034482758
5 0.45974781765276435 0.24655172413793103 0.011639185257032026 0.03793103448275858
5 0.48496605237633367 0.23965517241379308 0.013579049466537327 0.04137931034482761
5 0.505819592628516 0.23275862068965517 0.010669253152279267 0.03103448275862071
5 0.7783705140640157 0.26896551724137935 0.012609117361784479 0.051724137931034454
5 0.7677012609117362 0.27155172413793105 0.014548981571290085 0.05344827586206897
