5 0.788504883546206 0.2930574098798397 0.009767092411720604 0.05740987983978634
5 0.772351615326822 0.2923898531375167 0.015026296018031644 0.0534045393858478
5 0.799023290758828 0.35180240320427236 0.017280240420736278 0.0707610146862483
5 0.7768595041322314 0.35113484646194926 0.009015777610818959 0.07476635514018697
0 0.06686701728024037 0.5801068090787715 0.03005259203606312 0.12416555407209588
0 0.023290758827948923 0.6034712950600801 0.046581517655897846 0.1281708945260347
2 0.24342599549211136 0.5360480640854471 0.09616829451540196 0.12149532710280346
2 0.017655897821187084 0.6922563417890517 0.03531179564237417 0.10280373831775705
2 0.3486100676183323 0.40453938584779664 0.06761833208114208 0.10680907877169571
5 0.32456799398948166 0.30774365821094785 0.018031555221637838 0.06275033377837114
5 0.38692712246431255 0.27837116154873165 0.010518407212622094 0.049399198931909256
0 0.7441773102930128 0.3130841121495327 0.017280240420736278 0.06542056074766357
3 0.4894815927873779 0.29973297730307075 0.02028549962434255 0.05740987983978641
2 0.4312546957175053 0.32576769025367125 0.0510894064613074 0.07476635514018685
2 0.4921111945905335 0.28371161548731644 0.03606311044327578 0.05473965287049396
2 0.6558978211870774 0.3397863818424564 0.04658151765589774 0.06542056074766327
2 0.6175807663410969 0.3137516688918558 0.03756574004507882 0.04806408544726306
2 0.6337340345604808 0.2850467289719626 0.030803906836964812 0.044058744993324475
2 0.6558978211870774 0.25634178905206945 0.025544703230653738 0.032042723631508674
2 0.5221637866265966 0.26168224299065423 0.02854996243426001 0.03738317757009344
2 0.5495867768595041 0.25100133511348466 0.024793388429752098 0.03471295060080106
0 0.4492862509391435 0.26168224299065423 0.013523666416228437 0.04806408544726299
5 0.432381667918858 0.25500667556742324 0.014274981217130006 0.040053404539385905
