5 0.15846106741336474 0.5765235579433388 0.018787730456820403 0.1249342556216984
5 0.18043059093142083 0.5630608148806557 0.019696814188602012 0.13031935284677154
5 0.13373822018970538 0.4117117796288385 0.02033317280084919 0.09773951463507863
6 0.6569179483506941 0.5979229375159474 0.04533297542484419 0.11787977825685246
5 0.6396476047018279 0.5817384239110991 0.014640884408716274 0.12228581634053243
2 0.9649544931478189 0.5402491140995 0.07009101370436227 0.1546755845849455
2 0.5748538936642837 0.43349888982448376 0.05368324283196003 0.07805477638757381
2 0.641181536667408 0.31326299690423115 0.054126905995860425 0.10091930684453988
5 0.4233947267666154 0.2580271358991883 0.010768760459121295 0.05118067610606765
5 0.4814959459879208 0.24823605003541885 0.007262652402663221 0.04940047867629136
2 0.6135666005783029 0.23449441310662913 0.017178687643802846 0.026114466428536112
