2 0.08285385500575373 0.7873210711956999 0.16570771001150747 0.2535787477083733
2 0.07594936708860758 0.6482617586912065 0.15189873417721517 0.19631901840490806
2 0.2957422324510933 0.5766871165644172 0.1058688147295744 0.1513292433537831
2 0.37284234752589185 0.4754601226993866 0.0828538550057538 0.13292433537832316
2 0.5172612197928654 0.696319018404908 0.10471806674338324 0.19427402862985693
2 0.5868814729574223 0.4110429447852761 0.06904487917146156 0.08997955010224956
2 0.5040276179516685 0.30163599182004086 0.05293440736478708 0.0756646216768916
2 0.548331415420023 0.2730061349693252 0.035673187571921755 0.0674846625766871
2 0.6530494821634062 0.33333333333333337 0.049482163406214 0.08588957055214724
2 0.6375143843498274 0.2893660531697341 0.03912543153049491 0.047034764826175926
0 0.7520138089758341 0.6053169734151329 0.0517836593785961 0.12269938650306741
0 0.7583429228998849 0.6503067484662577 0.03452243958573064 0.15541922290388555
0 0.3003452243958573 0.3507157464212679 0.023014959723820495 0.09611451942740282
0 0.3711162255466053 0.3006134969325154 0.019562715765247488 0.07770961145194268
0 0.4194476409666283 0.27402862985685067 0.014959723820483361 0.06134969325153374
0 0.7560414269275029 0.36298568507157464 0.025316455696202524 0.0838445807770961
0 0.7531645569620252 0.3057259713701431 0.014959723820483219 0.06339468302658485
5 0.7905638665132335 0.32515337423312884 0.025316455696202667 0.0736196319018405
4 0.496547773600448 0.9345603271983639 0.07479865422045813 0.13087934560327202
5 0.22324510932105868 0.3640081799591002 0.02761795166858459 0.11860940695296528
