0 0.5694966190833961 0.6515353805073425 0.0706235912847489 0.13885180240320394
0 0.8865514650638612 0.5667556742323094 0.06160781367392802 0.1348464619492657
2 0.7438016528925622 0.521361815754339 0.1337340345604808 0.08945260347129512
5 0.08564988730277986 0.534712950600801 0.02554470323065364 0.10280373831775705
5 0.10555972952667168 0.5220293724966623 0.026296018031555218 0.1255006675567423
0 0.28737791134485335 0.5587449933244323 0.06536438767843723 0.12683578104138893
2 0.2960180315552216 0.4679572763684914 0.07513148009015787 0.09746328437917245
0 0.32118707738542446 0.3304405874499332 0.021788129226145793 0.06809078771695593
2 0.3365890308039068 0.40987983978638143 0.06461307287753547 0.10413885180240301
2 0.3891810668670173 0.3644859813084112 0.0525920360631104 0.07476635514018697
5 0.7967693463561233 0.3805073431241655 0.02028549962434255 0.07743658210947928
2 0.46506386175807657 0.29706275033377827 0.05259203606311051 0.08411214953271022
2 0.5428249436513898 0.2757009345794394 0.033809166040570895 0.05473965287049398
2 0.5879038317054845 0.24766355140186916 0.023290758827948822 0.0333778371161549
2 0.5593538692712245 0.24365821094793055 0.024793388429752098 0.028037383177570055
0 0.7103681442524419 0.41855807743658213 0.017280240420736278 0.08411214953271028
0 0.7186326070623587 0.38184245660881183 0.012772351615326867 0.05874499332443261
2 0.6367392937640873 0.27837116154873176 0.03230653643876783 0.04405874499332439
2 0.7054845980465815 0.24566088117489981 0.0210368144252442 0.03471295060080106
2 0.6468820435762587 0.2656875834445927 0.02854996243425995 0.03738317757009335
5 0.7851239669421488 0.2923898531375167 0.015026296018031501 0.056074766355140186
5 0.7637114951164539 0.24966622162883845 0.011269722013523734 0.042723631508678216
