5 0.15636822194199243 0.5448430493273543 0.02522068095838586 0.1255605381165919
5 0.13745271122320302 0.3991031390134529 0.017654476670870115 0.08968609865470846
5 0.16078184110970997 0.41031390134529144 0.021437578814627985 0.09417040358744394
5 0.20428751576292561 0.38228699551569506 0.020176544766708666 0.07847533632286996
5 0.2484237074401009 0.34417040358744394 0.0201765447667087 0.08295964125560541
5 0.8461538461538461 0.5 0.0201765447667087 0.09865470852017942
5 0.9905422446406044 0.792600905414119 0.018915510718787797 0.1457399274201672
0 0.8707440100882724 0.7544843049327354 0.04413619167717528 0.17264573991031384
0 0.759142496847415 0.5874439461883408 0.02522068095838591 0.1300448430493274
6 0.9211853720050444 0.571748878923767 0.03152585119798249 0.12556053811659232
6 0.7355265966346053 0.5524892119600024 0.0320880921845513 0.11600876556377372
2 0.6646653930603883 0.4745161072368102 0.10321669652697288 0.08558023689130849
2 0.6269618847435406 0.38132873817738544 0.06096737515064717 0.07416953863913406
1 0.5047597336740391 0.36088457047556927 0.11284312418233984 0.21585237527029727
6 0.3956602202465678 0.29004315215998966 0.014439641483048079 0.05324992517681419
2 0.41143686557063863 0.34471941461832567 0.0502713444224635 0.06751329799203237
2 0.41544787709370723 0.4236434108625302 0.06364138283269381 0.08653112841232274
2 0.2993959436929142 0.4664335293081867 0.07647661970651363 0.09604004362246854
2 0.34111046353282964 0.41413449565238625 0.06364138283269286 0.07892399624420515
7 0.37640736493583604 0.3627863535175975 0.0625717797598728 0.10554895883261317
2 0.6779430566597838 0.28086272674801305 0.03549137468897314 0.038900107677867446
2 0.6543631707362878 0.2579548855599355 0.03111572575471634 0.043222341864297215
5 0.7725056919612263 0.28777830144630057 0.010696030728183672 0.054460150749014495
