2 0.3947623666343356 0.453448275862069 0.07759456838021336 0.1034482758620689
2 0.4311348205625606 0.3939655172413793 0.05916585838991267 0.08103448275862064
2 0.33511154219204653 0.42241379310344823 0.07080504364694466 0.11379310344827587
2 0.36760426770126087 0.38793103448275856 0.05237633365664401 0.07931034482758627
2 0.39233753637245394 0.36034482758620684 0.05140640155189132 0.07241379310344832
2 0.4190106692531523 0.33103448275862063 0.050436469447138706 0.06206896551724135
2 0.4437439379243453 0.31206896551724145 0.04752667313288072 0.05862068965517242
2 0.48884578079534435 0.28620689655172415 0.042677012609117354 0.05172413793103448
2 0.6314258001939863 0.3439655172413793 0.05431619786614924 0.07758620689655171
2 0.6377303588748788 0.23189655172413792 0.016488845780795316 0.01896551724137929
2 0.6537342386032978 0.22155172413793103 0.017458777885548074 0.022413793103448255
7 0.588748787584869 0.43275862068965515 0.09311348205625598 0.1241379310344827
0 0.8758486905916587 0.8267241379310343 0.06013579049466543 0.14310344827586208
0 0.06935014548981572 0.6017241379310344 0.039767216294859346 0.13448275862068976
0 0.08535402521823471 0.5275862068965518 0.031037827352085347 0.10689655172413794
0 0.2793404461687682 0.3931034482758621 0.029097963142580063 0.08275862068965516
0 0.38215324927255095 0.3086206896551724 0.025218234723569353 0.06551724137931039
5 0.16682832201745879 0.5431034482758621 0.02327837051406398 0.12758620689655176
5 0.05140640155189136 0.5137931034482759 0.03103782735208536 0.10689655172413787
5 0.07177497575169739 0.506896551724138 0.01939864209505334 0.11724137931034484
5 0.26576139670223087 0.3336206896551724 0.015518913676042665 0.0568965517241379
5 0.3288069835111543 0.30517241379310345 0.019398642095053376 0.07241379310344832
5 0.9107662463627545 0.503448275862069 0.025218234723569422 0.1034482758620689
5 0.8855480116391854 0.5008620689655173 0.02327837051406405 0.09827586206896555
5 0.8884578079534432 0.5974137931034482 0.025218234723569422 0.11206896551724149
5 0.7793404461687677 0.29310344827586204 0.01842870999030089 0.05862068965517239
2 0.7308438409311349 0.23620689655172414 0.016488845780795316 0.02758620689655171
2 0.6988360814742967 0.23793103448275865 0.01842870999030069 0.02758620689655171
5 0.609117361784675 0.5672413793103448 0.0310378273520854 0.1310344827586207
