2 0.12313003452243958 0.6196319018404908 0.1518987341772152 0.1554192229038855
2 0.550632911392405 0.5296523517382412 0.0747986191024166 0.13496932515337412
2 0.32853855005753746 0.44171779141104295 0.07940161104718065 0.11451942740286299
5 0.7823376025497625 0.28803609654325674 0.011733240698195004 0.04496017673213622
2 0.4495921920482797 0.31230552767163494 0.04363601912551836 0.0624671278108492
2 0.6238719559079435 0.3013872802409076 0.04245856478527742 0.07111657404201178
2 0.6419290466786935 0.28230722379061174 0.03269797517946664 0.04336376465976322
2 0.6551058426465383 0.25758987793454674 0.029769798297723325 0.04423103995295854
2 0.6970763779515253 0.25195258852877744 0.02586556245539896 0.03295646114142002
2 0.6150874252627135 0.23200525678528638 0.018057090770750222 0.029487359968639028
2 0.6319244423327374 0.23330616972507925 0.017569061290459587 0.025150983502662677
2 0.6499815331034875 0.232438894431884 0.017569061290459587 0.02168188232988161
2 0.7257112771426634 0.23970245193710865 0.017878646725038864 0.025848466680351373
