0 0.0759493670886076 0.5705521472392638 0.06444188722669736 0.1267893660531697
0 0.7554660529344074 0.5685071574642127 0.042577675489067844 0.130879345603272
5 0.8918296892980437 0.6503067484662576 0.04372842347525875 0.159509202453988
5 0.9424626006904488 0.6513292433537832 0.03682393555811274 0.1492842535787321
5 0.9856156501726122 0.6768916155419222 0.02876869965477553 0.13905930470347636
5 0.36823935558112775 0.541922290388548 0.04372842347525889 0.15132924335378334
5 0.32105868814729577 0.5429447852760737 0.034522439585730674 0.14928425357873215
2 0.49879744382709107 0.2855497055269001 0.04001841738382474 0.05897471993727798
2 0.537107758029899 0.2543277949718706 0.032697975179466494 0.048567416418934854
0 0.43974587671193405 0.27600967730175185 0.022449356093365038 0.05377106817810588
5 0.36068510090486655 0.2898860819928764 0.010736648566391907 0.06417837169644962
5 0.3494604228581839 0.2855497055269001 0.00683241272406768 0.05897471993727798
5 0.3445801280552771 0.29508973375204767 0.008784530645229832 0.06938202345562053
5 0.3338434794888866 0.29552337139864565 0.008784530645229794 0.05637289405769231
2 0.6608232312835525 0.25259324438548003 0.02928176881743269 0.05377106817810642
