2 0.5208535402521819 0.8051724137931029 0.12221144519883673 0.21379310344827554
2 0.3035887487875849 0.5862068965517241 0.0931134820562561 0.1448275862068965
2 0.17604267701260917 0.5775862068965515 0.12124151309408333 0.17931034482758612
2 0.40494665373423855 0.4258620689655173 0.06886517943743947 0.10344827586206896
2 0.40349175557710965 0.3568965517241379 0.06207565470417073 0.09310344827586206
2 0.497090203685742 0.3189655172413793 0.04558680892337542 0.06551724137931028
2 0.5198836081474297 0.29051724137931034 0.03879728419010661 0.05000000000000004
2 0.550921435499515 0.27327586206896554 0.036857419980601304 0.05344827586206897
2 0.5921435499515034 0.38793103448275856 0.05722599418040744 0.07931034482758627
2 0.6231813773035887 0.32672413793103444 0.04170708050436474 0.0568965517241379
2 0.6745877788554802 0.27068965517241383 0.02812803103782727 0.03793103448275865
2 0.6687681862269642 0.24913793103448273 0.024248302618816667 0.0396551724137931
2 0.6910766246362755 0.23879310344827587 0.022308438409311435 0.025862068965517224
2 0.7172647914645975 0.24137931034482757 0.018428709990300832 0.024137931034482776
2 0.6328806983511154 0.23448275862068968 0.016488845780795316 0.020689655172413772
0 0.6411251212415131 0.5896551724137931 0.04655674102812803 0.13793103448275856
0 0.3569350145489815 0.32758620689655177 0.019398642095053376 0.07586206896551718
0 0.3612997090203685 0.3025862068965517 0.018428709990300614 0.06034482758620689
0 0.45877788554801163 0.27413793103448275 0.013579049466537327 0.04482758620689655
5 0.6644034917555771 0.5706896551724138 0.02327837051406391 0.13793103448275865
5 0.9165858389912707 0.6758620689655173 0.0310378273520854 0.13793103448275873
5 0.946168768186227 0.6827586206896552 0.02812803103782727 0.14137931034482767
5 0.9384093113482055 0.48448275862068924 0.030067895247332645 0.10689655172413785
5 0.15470417070805048 0.5094827586206897 0.016488845780795333 0.08103448275862073
5 0.428709990300679 0.2603448275862068 0.011639185257031927 0.05862068965517239
5 0.7837051406401551 0.29482758620689653 0.013579049466537327 0.055172413793103454
5 0.7730358874878759 0.2525862068965517 0.009699321047526722 0.0396551724137931
