2 0.31899265477439664 0.4505597014925373 0.06715634837355719 0.08768656716417908
2 0.4034627492130115 0.42817164179104483 0.059811122770199315 0.09514925373134332
2 0.3578174186778594 0.39272388059701496 0.0503672612801681 0.08022388059701491
2 0.4359916054564532 0.3880597014925373 0.04092339979013635 0.07835820895522386
2 0.46222455403987406 0.36287313432835816 0.043022035676810046 0.07649253731343286
2 0.48478488982161594 0.33302238805970147 0.03777544596012589 0.07276119402985075
2 0.6547743966421826 0.33582089552238803 0.04197271773347325 0.059701492537313466
5 0.9233997901364114 0.6203358208955224 0.0461699895068206 0.11380597014925371
5 0.32948583420776495 0.3414179104477612 0.018887722980062874 0.0746268656716418
0 0.2502623294858342 0.3880597014925373 0.024134312696747137 0.08582089552238799
