0 0.956167571761055 0.5834482758620689 0.06439100077579525 0.09931034482758619
0 0.899922420480993 0.613103448275862 0.06826997672614425 0.11999999999999993
0 0.7358417377812257 0.6055172413793103 0.069045771916214 0.11862068965517239
0 0.6485647788983708 0.6048275862068966 0.06826997672614425 0.11724137931034491
0 0.6528316524437549 0.5703448275862069 0.06283941039565548 0.11172413793103445
0 0.3235065942591156 0.3413793103448276 0.02327385570209458 0.08413793103448274
6 0.06283941039565555 0.5848275862068966 0.04965089216446859 0.12413793103448277
5 0.1652443754848721 0.52 0.017067494181536073 0.09655172413793123
5 0.15283165244375485 0.5241379310344828 0.010861132660977492 0.08275862068965523
5 0.830488750969744 0.5137931034482759 0.019394879751745576 0.10068965517241374
5 0.8588052754072925 0.5179310344827587 0.02172226532195495 0.09517241379310348
5 0.8789759503491078 0.463448275862069 0.013964313421256805 0.09931034482758619
5 0.8502715283165244 0.46551724137931033 0.017067494181536063 0.09241379310344826
5 0.7769588828549263 0.2655172413793104 0.008533747090768031 0.051034482758620714
6 0.4418153607447634 0.27655172413793105 0.020946470131885137 0.06758620689655175
4 0.5182311869666407 0.26275862068965516 0.015515903801396433 0.04551724137931032
2 0.4693560899922421 0.2958620689655172 0.0465477114041893 0.059310344827586195
2 0.3653995345228859 0.3903448275862069 0.06826997672614425 0.07448275862068968
2 0.300232738557021 0.4744827586206889 0.0806826997672613 0.10758620689655157
2 0.32505818463925523 0.46413793103448275 0.0031031807602792585 0.0013793103448276156
7 0.665244375484872 0.29931034482758617 0.04266873545384016 0.06620689655172413
2 0.6968917079698852 0.2573222536314113 0.0267128857511872 0.038150651824324026
2 0.6649238283004325 0.2503149910514335 0.024085388792054088 0.02880763505102035
2 0.620694296155024 0.24758994449255323 0.024961221111765113 0.03425772816878094
2 0.537052309622618 0.2565436689003027 0.03196787966945358 0.03970782128654154
7 0.5170674941815361 0.9103448275862069 0.14352211016291713 0.1793103448275862
2 0.037238169123351435 0.8434482758620689 0.07447633824670287 0.20827586206896556
