2 0.1052934407364787 0.7658486707566462 0.1576524741081703 0.2188139059304703
2 0.2945915020239229 0.8987730061349692 0.1910241305896684 0.20245398773006143
2 0.5373993095512083 0.7361963190184049 0.09896432681242807 0.1717791411042944
2 0.2704257767548907 0.6155419222903886 0.1196777905638665 0.1472392638036809
2 0.3371691599539701 0.5112474437627812 0.07825086306098968 0.12269938650306748
2 0.283084004602992 0.47341513292433546 0.07134637514384351 0.10020449897750516
2 0.39182968929804374 0.45398773006134974 0.06789413118527043 0.09406952965235177
2 0.5604142692750288 0.5255623721881391 0.0805523590333717 0.12269938650306741
2 0.6271576524741082 0.37627811860940696 0.05293440736478708 0.07361963190184057
2 0.6714614499424627 0.32310838445807777 0.03567318757192183 0.06134969325153371
2 0.6357882623705409 0.287321063394683 0.028768699654775604 0.047034764826175884
2 0.49021864211737615 0.3241308793456031 0.03912543153049476 0.07157464212678935
2 0.44418872266973536 0.30879345603271985 0.04833141542002302 0.06134969325153371
5 0.13521288837744536 0.5378323108384458 0.024165707710011492 0.11451942740286299
0 0.6593785960874569 0.5920245398773006 0.07364787111622569 0.11656441717791409
5 0.8179836221762992 0.4926895804441044 0.020497238172202968 0.10580758576982234
5 0.8336005655455966 0.4701404228210275 0.017569061290459587 0.09713483283786978
5 0.7860176912172685 0.43501577344661924 0.013176795967844868 0.07545295050798799
5 0.7821134553749439 0.3907847334936607 0.013176795967844726 0.08239115285355013
5 0.7948022218624982 0.39902384877901576 0.009272560125520357 0.06244382111005905
5 0.8138353715938293 0.39945748642561335 0.01512891388900684 0.05463834347130174
5 0.8152994600347011 0.43328122286022874 0.02196132661307459 0.05290379288491124
5 0.7894338975793022 0.3092608559333058 0.012200737007263597 0.05810744464408277
5 0.7747183970930207 0.2638400002888563 0.008873263278009915 0.04228862999877734
5 0.7654418036660104 0.2598978398652415 0.011293244172012464 0.043005386439434655
1 0.6924390466969288 0.24807135859439697 0.046786297284052265 0.08959455508215551
2 0.5905981840743147 0.24914649325538285 0.0254097993870284 0.04013836067680561
2 0.6105630264498371 0.24054541596749593 0.021779828046024435 0.02723674474497525
5 0.47195147672509935 0.24851561237270864 0.004958638536990705 0.0254568232458006
5 0.47883847469314206 0.24215140656125847 0.007162477886764407 0.035247909109570014
7 0.41931730023273855 0.3958620689655173 0.06904577191621407 0.10482758620689658
