0 0.7178812922614578 0.5907877169559412 0.06836964688204353 0.12683578104138873
0 0.6551465063861757 0.5914552736982642 0.06311044327573251 0.1228304405874497
0 0.6795642374154772 0.5600801068090787 0.04282494365138987 0.1188251001335113
0 0.7483095416979715 0.38985313751668893 0.021036814425244188 0.09612817089452605
0 0.8745304282494345 0.8724966622162884 0.054094665664913555 0.1722296395193591
0 0.06987227648384671 0.5887850467289719 0.04057099924868518 0.15220293724966633
0 0.01953418482344102 0.5914552736982643 0.03456048084147257 0.13618157543391193
5 0.7948910593538693 0.3497997329773031 0.015026296018031644 0.07209612817089457
2 0.5875281743050338 0.4519359145527371 0.06611570247933883 0.0974632843791722
2 0.6198347107438016 0.321762349799733 0.04207362885048831 0.05874499332443257
1 0.5751314800901575 0.26635514018691586 0.08039068369646882 0.11081441922563431
6 0.3204357625845229 0.3417890520694259 0.020285499624342656 0.09612817089452598
2 0.6521412471825695 0.2690253671562083 0.0270473328324568 0.046728971962616835
2 0.5199098422238919 0.9813084112149534 0.1607813673929376 0.03738317757009341
