2 0.32250242483026187 0.4353448275862069 0.07274490785645008 0.09482758620689652
2 0.4282250242483026 0.4060344827586207 0.06304558680892342 0.09137931034482762
2 0.3564500484966052 0.4 0.061105722599418044 0.08965517241379317
2 0.3894277400581959 0.3568965517241379 0.05334626576139669 0.07586206896551725
2 0.42240543161978666 0.3310344827586207 0.04558680892337534 0.06551724137931035
2 0.4568380213385063 0.30775862068965515 0.042677012609117354 0.056896551724137934
2 0.5043646944713871 0.27068965517241383 0.03491755577109608 0.05172413793103448
2 0.5950533462657615 0.23275862068965517 0.024248302618816595 0.027586206896551745
2 0.6129970902036859 0.2353448275862069 0.019398642095053376 0.022413793103448255
2 0.6377303588748788 0.2336206896551724 0.016488845780795316 0.025862068965517224
2 0.9209505334626575 0.5620689655172414 0.15809893307468484 0.09655172413793103
0 0.7604267701260912 0.5775862068965517 0.03491755577109615 0.13448275862068962
0 0.40543161978661496 0.6068965517241378 0.07565470417070799 0.1344827586206896
5 0.27449078564500484 0.5344827586206897 0.031037827352085365 0.12068965517241381
5 0.46362754607177487 0.5387931034482754 0.038797284190107 0.11896551724137931
5 0.7904946653734239 0.32241379310344825 0.017458777885548074 0.06896551724137928
5 0.7677012609117361 0.2594827586206897 0.008729388942773966 0.046551724137931065
0 0.7502424830261881 0.278448275862069 0.012609117361784711 0.05344827586206897
6 0.6760426770126091 0.5586206896551724 0.044616876818622725 0.15517241379310343
