2 0.2387198321091291 0.5363805970149254 0.09129066107030435 0.11380597014925371
2 0.3593913955928646 0.48414179104477595 0.08709338929695692 0.15485074626865666
2 0.33735571878279125 0.40298507462686567 0.07240293809024158 0.12313432835820891
2 0.4186778593913955 0.40485074626865675 0.06505771248688355 0.08208955223880593
2 0.48478488982161594 0.3283582089552239 0.04197271773347325 0.05597014925373131
2 0.43651626442812175 0.3180970149253731 0.04197271773347325 0.06156716417910449
2 0.4076600209863588 0.3395522388059702 0.04302203567681012 0.05597014925373138
2 0.3824763903462749 0.36753731343283574 0.03252885624344154 0.05597014925373129
2 0.4779643231899266 0.2826492537313433 0.03672612801678909 0.042910447761194064
5 0.7198321091290661 0.4123134328358209 0.020986358866736624 0.09328358208955223
