2 0.29056386651323357 0.5797546012269938 0.10471806674338321 0.1533742331288344
2 0.5322209436133487 0.6687116564417178 0.09090909090909094 0.15132924335378312
2 0.4165707710011507 0.3946830265848671 0.05523590333716935 0.09815950920245405
5 0.32400442451275085 0.30513076634713754 0.014640884408716382 0.0702492987488165
2 0.505551391180834 0.30166166517435644 0.03806629946266256 0.06504564698964482
2 0.5277567325340539 0.26610337815335056 0.03562615206120988 0.04770014112573957
2 0.5802199016652876 0.23618238053811397 0.02732965089627058 0.04162921407337269
2 0.6748976208416535 0.24138603229728553 0.02342541505394621 0.029487359968639028
2 0.6421996456621869 0.34459179218752206 0.04197053530498693 0.06591292228284018
5 0.8108138311025707 0.4443284509049775 0.018057090770750222 0.10060393401065071
5 0.7776278264428135 0.2856170722502441 0.013176795967844868 0.06417837169644965
5 0.7642070157348235 0.2765106816716938 0.012688766487554232 0.06331109640325437
5 0.7456618954837828 0.2713070299125222 0.014640884408716345 0.0598419952304733
5 0.5318582465376126 0.2284031889611879 0.00658547719094301 0.030762239582910668
