0 0.21173762945914845 0.5736196319018405 0.09436133486766402 0.1370143149284253
4 0.2796317606444189 0.483640081799591 0.05523590333716918 0.12065439672801631
2 0.8049482163406213 0.523517382413088 0.11162255466052941 0.11042944785276071
5 0.7928653624856156 0.6032719836400817 0.023014959723820567 0.1513292433537832
0 0.8849252013808976 0.591002044989775 0.08745684695051793 0.11451942740286285
5 0.8711162255466053 0.5603271983640081 0.025316455696202524 0.1267893660531697
5 0.9159953970080553 0.5040899795501023 0.02991944764096658 0.12065439672801631
0 0.7157652474108169 0.4478527607361963 0.020713463751438326 0.09815950920245406
0 0.7399309551208284 0.3834355828220859 0.01841196777905637 0.07157464212678938
0 0.7151898734177214 0.3793456032719837 0.01956271576524742 0.07157464212678938
2 0.3365937859608746 0.43353783231083814 0.07019562715765251 0.08588957055214715
2 0.36248561565017257 0.37627811860940696 0.05983889528193323 0.09815950920245399
2 0.39930955120828543 0.3445807770961145 0.04602991944764092 0.09202453987730067
2 0.431530494821634 0.3179959100204499 0.03682393555811274 0.0838445807770961
2 0.5138089758342923 0.310838445807771 0.037974683544303785 0.07361963190184045
7 0.45454545454545453 0.2924335378323108 0.05293440736478708 0.08179959100204495
7 0.6110471806674339 0.4222903885480572 0.1012658227848101 0.10838445807770959
2 0.49216590323742615 0.2753783050751521 0.04116411902641985 0.052943761715388754
2 0.5136237950703471 0.2664245806674025 0.026274969591331684 0.04282216021097618
2 0.5718666443311325 0.2613637799151962 0.023647472632198543 0.03892923655543285
2 0.5401177227416066 0.25163147077633796 0.031092047349742417 0.03503631289988959
7 0.549313962098572 0.26992821195739125 0.03284371198916604 0.0607296090264752
2 0.6563844631832495 0.2660352883018482 0.03152996350959811 0.03737206709321555
0 0.4864729931593043 0.24657067002413172 0.014013317115376935 0.03425772816878094
