2 0.6601513240857503 0.47197309417040356 0.10970996216897852 0.08744394618834087
2 0.6109709962168979 0.38789237668161436 0.05422446406052964 0.09865470852017935
2 0.6620428751576293 0.336322869955157 0.04791929382093315 0.08071748878923764
5 0.9382093316519547 0.57847533632287 0.030264817150063125 0.1300448430493273
2 0.9344262295081966 0.5560538116591929 0.13114754098360662 0.11210762331838567
5 0.6754638382827943 0.5348050068979346 0.027049192108503775 0.10251656577209864
2 0.319553415802481 0.43798380589095276 0.06975844280614137 0.09618838269974667
2 0.3562121893179533 0.39621779761343107 0.057657488441810754 0.07340692363928042
2 0.3903795898760633 0.3576158808720853 0.050539279992204485 0.06961001379586933
4 0.43273293015122066 0.3424282414984411 0.019930983658897575 0.05695364765116583
2 0.41920833409696867 0.420897711595603 0.06121659266661389 0.08479765316951365
2 0.4419866011357088 0.3848270680831979 0.05409838421700769 0.07340692363928049
2 0.46298531606204724 0.35888151748655567 0.050539279992204485 0.064547467337988
2 0.4864754039457479 0.33926414996226517 0.04769199661236193 0.06834437718139906
2 0.41992015494192936 0.33736569504055963 0.042709250697637625 0.0594849208801066
2 0.4441220636705907 0.313318599365623 0.041285609007716315 0.05695364765116583
2 0.4640530473294882 0.3050919613715657 0.035591042248031425 0.05062546457881407
2 0.48149265803102353 0.2892715036906863 0.03772650478291318 0.04429728150646234
2 0.502491372957362 0.2823105023110994 0.03132011717826749 0.04303164489199194
2 0.5117450439418502 0.27408386431704207 0.029896475488346255 0.049359827964343704
2 0.5227782670387399 0.26395877140127927 0.02349008788370071 0.036703461819640244
2 0.5355910301573743 0.2589794489294228 0.0222818753643606 0.03637041539294732
2 0.5434444780316982 0.25735576967080914 0.019724938847138915 0.035720943689501856
2 0.549471542679435 0.2534589394501362 0.0222818753643606 0.03442200028261084
2 0.5587860971350284 0.2489126375260178 0.022647152009678068 0.035720943689501856
2 0.5684659282359386 0.2433921280467311 0.021551322073725822 0.028576754951601484
2 0.6427997255580273 0.26839678862938243 0.031413791497295375 0.04091671731706569
2 0.6921120726758728 0.2657989018156007 0.027761025044120747 0.03312305687572018
2 0.6944863708704375 0.25443314700530445 0.023012428654995462 0.02857675495160148
