2 0.1442524417731028 0.6061415220293721 0.1307287753568744 0.14953271028037374
2 0.5229151014274982 0.6355140186915889 0.08865514650638616 0.157543391188251
2 0.32531930879038307 0.5380507343124166 0.08564988730277978 0.1228304405874499
2 0.3369646882043577 0.42323097463284376 0.06987227648384682 0.0934579439252337
2 0.44477836213373406 0.3711615487316422 0.04207362885048831 0.06942590120160212
2 0.40458302028549953 0.3437917222963951 0.04583020285499619 0.06809078771695583
2 0.4601803155522164 0.2970627503337785 0.038317054845980435 0.06809078771695597
2 0.4921111945905335 0.3271028037383178 0.04658151765589785 0.05874499332443257
2 0.5901577761081893 0.4439252336448598 0.05634861006761824 0.08411214953271028
2 0.6010518407212622 0.38985313751668893 0.04808414725770106 0.06942590120160219
2 0.6521412471825695 0.3257676902536716 0.036063110443275904 0.06408544726301735
5 0.7832456799398949 0.3257676902536716 0.014274981217130006 0.07743658210947928
0 0.9789631855747558 0.5994659546061417 0.04207362885048773 0.13084112149532723
6 0.6416228399699474 0.5580774365821096 0.04357625845229144 0.11748998664886517
5 0.11945905334335087 0.5186915887850467 0.03155522163786626 0.07343124165554073
2 0.5473328324567993 0.267022696929239 0.038317054845980456 0.06141522029372506
2 0.5781367392937641 0.2523364485981308 0.029301277235161505 0.03738317757009341
2 0.6502629601803156 0.2650200267022697 0.03230653643876799 0.028037383177570093
2 0.6686701728024042 0.24833110814419224 0.021036814425244046 0.02937249666221625
