2 0.07019562715765247 0.8118609484963134 0.14039125431530494 0.2290388704077597
2 0.5166858633587906 0.9192229038854804 0.15189876929525667 0.16155419222903888
2 0.23475258918296896 0.6451942740286297 0.12428078250863067 0.149284253578732
2 0.34292289988492514 0.5306748466257668 0.07825086306098948 0.14110429447852754
2 0.333716915995397 0.4151329243353783 0.06444188722669736 0.10224948875255613
2 0.38837744533947066 0.4601226993865031 0.07019562715765247 0.09815950920245392
2 0.5569620253164557 0.483640081799591 0.07134637514384344 0.10020449897750516
0 0.6591326483608778 0.5871611669661241 0.06637200931951433 0.1300912939792896
5 0.6537643240776819 0.5585410822906804 0.012688766487554091 0.09540028225147906
0 0.6523002356368102 0.5329564611414201 0.04977900698963559 0.11881671516775143
5 0.8734177215189873 0.5204498977505112 0.020713463751438326 0.12065439672801638
5 0.8216340621403913 0.5061349693251533 0.023014959723820425 0.10429447852760738
5 0.8187571921749136 0.434560327198364 0.01726121979286532 0.0756646216768916
5 0.7986191024165709 0.4366053169734151 0.01841196777905637 0.07975460122699381
5 0.7721518987341773 0.35582822085889576 0.01611047180667427 0.05725971370143149
6 0.7439585730724971 0.3118609406952965 0.019562715765247277 0.07157464212678931
2 0.4234752589182969 0.40899795501022496 0.05063291139240505 0.08997955010224942
2 0.46087456846950514 0.3476482617586912 0.04718066743383197 0.0777096114519427
2 0.4942462600690449 0.32719836400818 0.03337169159953973 0.0695296523517382
2 0.6668584579976985 0.3159509202453987 0.040276179516685745 0.0674846625766871
2 0.6306098964326812 0.294478527607362 0.03682393555811267 0.06543967280163596
2 0.4718066743383199 0.2893660531697341 0.04142692750287694 0.0511247443762781
7 0.4148446490218642 0.3271983640081798 0.06098964326812428 0.07770961145194247
5 0.7837583498612284 0.3096006430288826 0.011545062396191241 0.05025410537155881
2 0.7821659274617536 0.27704164518252056 0.011545062396191241 0.04742288816752737
2 0.5074730635523764 0.27314872152697733 0.03304276478909898 0.04246825806047223
2 0.5321556107442335 0.25616141830278844 0.027469286390937882 0.041052649458456505
2 0.5484779403388486 0.25262239679774906 0.025080652791725767 0.0368058236524093
2 0.583511233127291 0.25297629894825296 0.02985791999014971 0.04317606236148009
2 0.6486014987058172 0.2671323849684104 0.030256025590018325 0.038929236555432886
2 0.6917959562915672 0.26288555916236317 0.026673075191200154 0.03468241074938568
5 0.3699275787977534 0.29686016561074097 0.005573478398161314 0.030435584943338406
5 0.36554841719919806 0.2812884709885678 0.007165900797635913 0.05450093117760606
5 0.38824043639171185 0.2819962752895757 0.010350745596585255 0.05308532257559033
5 0.37589916279578334 0.28199627528957566 0.007962111997373213 0.05166971397357454
5 0.3983921291883628 0.2720870150754655 0.009156428796979199 0.053085322575590295
5 0.447757223572077 0.25156069034623724 0.009156428796979199 0.04034484515744865
5 0.4573117579689248 0.2504989838947254 0.00756400639750467 0.04388386666248799
5 0.4792075659617012 0.24377484303515068 0.0035829503988180278 0.021941933331243994
5 0.48517914995973116 0.2352811914230562 0.005971583998029999 0.03468241074938572
5 0.49453463155664484 0.23174216991801685 0.007962111997373284 0.03609801935140144
6 0.508468327552048 0.23280387636952868 0.008758323197110514 0.04105264945845654
