5 0.10184119677790562 0.5439672801635992 0.026467203682393557 0.12269938650306748
0 0.5701956271576528 0.5515123503854202 0.06559263521288841 0.12650871977336872
2 0.40966628308400466 0.4161554192229039 0.05753739930955121 0.09611451942740289
2 0.4246260069044879 0.33333333333333326 0.05753739930955121 0.06952965235173827
3 0.4976985040276179 0.2750511247443763 0.014959723820483238 0.05930470347648259
2 0.5690448791714614 0.25869120654396727 0.026467203682393504 0.04703476482617585
2 0.6024165707710012 0.24028629856850717 0.026467203682393574 0.0347648261758691
2 0.6352128883774454 0.23312883435582823 0.020713463751438396 0.024539877300613498
2 0.6835443037974684 0.2648261758691206 0.025316455696202524 0.042944785276073635
0 0.7529632811881756 0.34414780512524445 0.019359847152021662 0.07630365295876229
5 0.7820030519162082 0.27660896457891615 0.007259942682008216 0.040138360676805644
5 0.7759530996812015 0.25546464957952747 0.008873263278009772 0.03368755271089043
0 0.7342084292596547 0.2386208732240822 0.00846993312900949 0.028670257626289733
