2 0.5126091173617847 0.7732758620689656 0.1018428709990301 0.16724137931034477
2 0.28758486905916586 0.6448275862068965 0.1018428709990301 0.15172413793103445
2 0.18380213385063043 0.5939655172413792 0.12512124151309406 0.14310344827586208
2 0.32007759456838025 0.45 0.07565470417070802 0.11724137931034477
2 0.6595538312318138 0.25172413793103443 0.0310378273520854 0.04137931034482758
2 0.6765276430649854 0.2439655172413793 0.024248302618816667 0.04310344827586203
2 0.6871968962172648 0.23793103448275862 0.022308438409311435 0.044827586206896586
1 0.6362754607177498 0.22068965517241382 0.03297769156159078 0.062068965517241385
0 0.5693501454898157 0.2767241379310345 0.027158098933074727 0.043103448275862065
0 0.7429679922405432 0.346551724137931 0.017458777885548074 0.06896551724137925
0 0.46993210475266733 0.24741379310344824 0.014548981571290014 0.03620689655172413
0 0.5354025218234724 0.2353448275862069 0.015518913676042771 0.05
5 0.017943743937924344 0.5974137931034482 0.03394762366634335 0.15
5 0.08874878758486907 0.5534482758620689 0.033947623666343366 0.11724137931034484
5 0.11736178467507274 0.5327586206896552 0.023278370514064017 0.1448275862068966
5 0.16052376333656643 0.506896551724138 0.018428709990300673 0.1034482758620689
5 0.49321047526673134 0.23620689655172414 0.010669253152279339 0.04482758620689655
5 0.9199806013579049 0.6706896551724139 0.03976721629485937 0.1379310344827585
3 0.5630455868089234 0.5094827586206897 0.03588748787584862 0.11551724137931024
6 0.7245392822502424 0.3310344827586207 0.017458777885548074 0.08620689655172413
