2 0.5069044879171462 0.843558282208589 0.12543153049482172 0.2188139059304703
5 0.6277330264672036 0.5664621676891615 0.035673187571921686 0.10633946830265849
0 0.670886075949367 0.598159509202454 0.0782508630609896 0.13701431492842522
5 0.9027617951668584 0.5991820040899796 0.03337169159953987 0.147239263803681
5 0.9378596087456847 0.5940695296523518 0.03222094361334868 0.1411042944785276
5 0.8452243958573072 0.4918200408997955 0.03337169159953959 0.11656441717791409
5 0.7577675489067894 0.40081799591002043 0.03107019562715763 0.08997955010224956
5 0.3544303797468355 0.2893660531697342 0.020713463751438396 0.07157464212678938
5 0.7750287686996548 0.3476482617586912 0.019562715765247277 0.06543967280163607
5 0.7957422324510932 0.33742331288343563 0.014959723820483361 0.08588957055214727
2 0.6668584579976985 0.28629856850715746 0.049482163406214 0.08997955010224945
5 0.42520138089758347 0.2586912065439673 0.021864211737629445 0.06748466257668713
5 0.4447640966628309 0.2505112474437628 0.012658227848101191 0.055214723926380355
