2 0.3386970172684458 0.4972105997210594 0.07613814756671898 0.12412831241283259
2 0.32927786499215067 0.4191073919107383 0.07299843014128743 0.1241283124128325
2 0.36734693877550995 0.3877266387726631 0.05180533751962321 0.09205020920502222
2 0.4062009419152279 0.34309623430962227 0.057299843014128694 0.08089260808926176
2 0.4513343799058082 0.31380753138075235 0.04866562009419188 0.07531380753138191
5 0.510989010989011 0.5543933054393305 0.036106750392464665 0.12970711297071127
5 0.9183673469387756 0.6290097629009763 0.03453689167974872 0.1450488145048815
0 0.18838304552590265 0.608786610878661 0.08163265306122451 0.1520223152022315
0 0.1161695447409733 0.588563458856346 0.054945054945054944 0.1338912133891214
0 0.7864992150706436 0.6262203626220363 0.03924646781789647 0.16736401673640175
2 0.9705651491365777 0.5690376569037657 0.05886970172684457 0.11715481171548113
2 0.49293563579277866 0.2796373779637378 0.0376766091051806 0.05439330543933057
2 0.5270800627943486 0.2635983263598326 0.0368916797488226 0.04741980474198048
2 0.5749607535321821 0.25104602510460255 0.029042386185243386 0.05299860529986052
1 0.7052590266875981 0.22524407252440726 0.04003139717425427 0.07112970711297073
