2 0.3751438434982738 0.47341513292433535 0.0805523590333717 0.10838445807770959
2 0.5184119677790564 0.630879345603272 0.09321058688147296 0.1288343558282208
2 0.5397008055235903 0.4815950920245399 0.07825086306098974 0.10020449897750502
2 0.6300345224395858 0.30368098159509205 0.044879171461449874 0.05930470347648256
2 0.543728423475259 0.2770961145194274 0.037974683544303785 0.05112474437627814
2 0.5667433831990794 0.24335378323108386 0.028768699654775673 0.04089979550102246
2 0.6070195627157652 0.23926380368098157 0.01726121979286539 0.028629856850715747
2 0.6714614499424627 0.24539877300613497 0.021864211737629518 0.032719836400818034
2 0.020138089758342925 0.8376278087405339 0.04027617951668585 0.16523518006494442
4 0.22094361334867663 0.6482617586912065 0.03912543153049484 0.14314928425357876
5 0.16286887981725262 0.5235907421528131 0.0239578108506268 0.11432265228483039
2 0.5167257149377201 0.9395785270183749 0.14170367763839883 0.11526305489063887
5 0.4256728532779339 0.25401142854425496 0.007968427401041112 0.05219215191844057
5 0.43421045406476366 0.25684356081889903 0.005008725794940077 0.04895542931884734
5 0.44047136130843884 0.25745044630632274 0.008423766109672073 0.04531411639430502
5 0.7861219372381957 0.29726222420969384 0.009899921839102035 0.05864370878104715
5 0.7841052864931934 0.3223486996326973 0.011733240698195004 0.04496017673213622
5 0.7720053820231798 0.2614244021768316 0.008799930523646254 0.05343093466717626
5 0.7593554818954386 0.24871826527427143 0.00769993920819033 0.03714101556132988
5 0.5332696285330991 0.22514475284891533 0.006978821568154885 0.03911411572310644
5 0.5383695366021353 0.2275297599052023 0.008589318853113639 0.03625210725556208
5 0.6369053254236734 0.5391336679680238 0.02092269065801858 0.09802430326691343
