2 0.5295829291949563 0.7758620689655173 0.10863239573229876 0.16551724137931045
2 0.5223084384093114 0.29310344827586204 0.03976721629485937 0.05517241379310342
2 0.5785645004849661 0.25 0.02812803103782734 0.04482758620689651
2 0.6023278370514064 0.24137931034482762 0.02521823472356928 0.03793103448275861
2 0.620756547041707 0.23362068965517238 0.027158098933074727 0.032758620689655196
2 0.6731328806983512 0.28620689655172415 0.044616876818622725 0.05862068965517242
2 0.6857419980601358 0.23362068965517238 0.02327837051406391 0.029310344827586227
7 0.6600387972841901 0.24741379310344824 0.033947623666343386 0.053448275862068934
0 0.6503394762366633 0.6224137931034482 0.07856450048496598 0.1310344827586207
0 0.6619786614936954 0.5887931034482758 0.08050436469447142 0.14310344827586213
0 0.350145489815713 0.3112068965517242 0.017458777885548 0.060344827586206906
6 0.7240543161978661 0.5405172413793103 0.030067895247332645 0.13275862068965516
5 0.9684772065955383 0.6551724137931035 0.035887487875848764 0.14827586206896548
5 0.8743937924345295 0.571551724137931 0.03200775945683816 0.11896551724137935
5 0.8545101842870999 0.5672413793103448 0.025218234723569422 0.11724137931034484
5 0.7730358874878758 0.3 0.013579049466537327 0.06896551724137936
5 0.3850630455868089 0.27413793103448275 0.009699321047526653 0.062068965517241385
5 0.14015518913676042 0.5293103448275862 0.02618816682832204 0.12413793103448277
