0 0.10759493670886076 0.4918200408997955 0.056386651323360175 0.11656441717791409
5 0.42577675489067884 0.5685071574642128 0.03452243958573071 0.11451942740286306
5 0.4522439585730725 0.5674846625766871 0.023014959723820425 0.11656441717791424
5 0.7802071346375143 0.35173824130879344 0.01841196777905651 0.081799591002045
5 0.8026467203682394 0.3476482617586912 0.024165707710011475 0.065439672801636
5 0.7991944764096663 0.4038854805725971 0.01956271576524742 0.07975460122699381
0 0.8262370540851554 0.8016359918200409 0.04833141542002295 0.130879345603272
0 0.7681242807825086 0.5725971370143149 0.03567318757192183 0.1472392638036809
0 0.7054085155350979 0.4284253578732106 0.027617951668584623 0.09202453987730067
0 0.3383199079401611 0.32004089979550104 0.025316455696202524 0.07975460122699389
0 0.8331415420023015 0.4805725971370143 0.04142692750287694 0.0940695296523517
2 0.31070195627157643 0.45194274028629877 0.0805523590333718 0.11451942740286308
2 0.3947065592635213 0.4366053169734149 0.07134637514384351 0.10429447852760773
2 0.6317606444188723 0.46216768916155415 0.09436133486766395 0.09815950920245392
2 0.642692750287687 0.34969325153374237 0.05868814729574225 0.081799591002045
2 0.6628308400460299 0.30368098159509205 0.04372842347525889 0.05930470347648256
7 0.4062140391254316 0.32515337423312884 0.062140391254315336 0.0736196319018405
2 0.3504027617951669 0.3946830265848671 0.05868814729574225 0.065439672801636
2 0.4252013808975835 0.40593047034764834 0.04718066743383178 0.09202453987730058
2 0.4902186421173763 0.32310838445807777 0.03912543153049484 0.0736196319018405
2 0.4718066743383199 0.3507157464212679 0.03682393555811286 0.07975460122699389
2 0.44706559263521295 0.37934560327198363 0.04487917146144994 0.09202453987730067
2 0.38607594936708867 0.35787321063394684 0.044879171461449874 0.065439672801636
2 0.4361334867663982 0.30879345603271985 0.03682393555811274 0.0736196319018405
2 0.9533947065592635 0.5501022572897695 0.09321058688147303 0.11451944300489679
5 0.9919447640966628 0.733128842156845 0.016110471806674413 0.1697341669312772
5 0.28941311852704255 0.32310838445807766 0.024165707710011544 0.0858895705521472
