2 0.3856243441762854 0.44589552238805963 0.06610703043022034 0.10074626865671639
2 0.5991605456453305 0.3796641791044776 0.04197271773347325 0.07276119402985075
2 0.7339979013641138 0.4944029850746267 0.12906610703043064 0.11567164179104494
2 0.5178384050367261 0.26119402985074625 0.03043022035676807 0.041044776119403006
2 0.5781741867785939 0.25279850746268656 0.02728226652675758 0.04291044776119403
5 0.43861490031479533 0.25093283582089554 0.008394543546694635 0.03917910447761194
2 0.4233997901364113 0.3973880597014925 0.05771248688352571 0.07835820895522388
2 0.975865687303253 0.564365671641791 0.048268625393494205 0.08022388059701491
2 0.6867563316880778 0.23787313432835794 0.014099005557413356 0.024253731343283538
2 0.7007231162638605 0.2373409992146926 0.013815910509238164 0.0214380939733579
5 0.6334019523279362 0.23332135659468775 0.011806323526076547 0.017865078311131603
5 0.7822562576955502 0.2803830407422985 0.008826708906141931 0.0444656439640573
