2 0.504 0.7887624466571836 0.11519999999999996 0.2318634423897582
2 0.1968 0.5782361308677099 0.1104 0.12375533428165014
2 0.4032 0.3534850640113798 0.054399999999999976 0.07823613086770984
2 0.4592 0.30725462304409673 0.04159999999999996 0.051209103840682814
2 0.48480000000000006 0.28591749644381226 0.04159999999999996 0.05405405405405407
2 0.5528 0.24822190611664297 0.030399999999999993 0.04409672830725462
2 0.6531999999999999 0.2603129445234708 0.027999999999999973 0.03698435277382643
2 0.5899261248369682 0.23300452652665843 0.026965120440942555 0.022474929243762175
2 0.6145739302400173 0.23862325883759897 0.02106650034448627 0.03146490094126698
2 0.7091653291645577 0.23289449301890247 0.02066512031342376 0.034550821101082
3 0.6834110374306644 0.2348139830800737 0.008636169683221482 0.026324435124633717
5 0.7599028260534836 0.24139509186123212 0.006785561893959766 0.03619609829637138
5 0.7895125506816716 0.32448159022335743 0.014187993051006913 0.07623117671508521
5 0.8010788493645574 0.4421189096865643 0.015113296945637558 0.09323237439974441
0 0.6632855369911873 0.6054336197876866 0.06431254695717506 0.13359082519587076
0 0.7387175430017058 0.6129147059986554 0.07332832456799408 0.12290355918020111
5 0.6374403078401731 0.5530660163109052 0.012622088655146585 0.11649119957079933
5 0.6524666038582047 0.5525316530101217 0.017430503380916493 0.12397228578176822
5 0.1108 0.5576102418207681 0.0216 0.10241820768136556
5 0.09663793682520662 0.5495984850765896 0.01264421603320459 0.11642776651180334
5 0.12982900391236848 0.5303276823435993 0.02483685292236656 0.12445726765054771
5 0.1627942814275093 0.5074436040981781 0.02122421977002201 0.11080711571468171
