2 0.5346784363177806 0.7141255605381167 0.10088272383354344 0.17264573991031384
2 0.5813366960907945 0.43049327354260086 0.06809583858764184 0.09865470852017942
2 0.46595208070617905 0.30493273542600896 0.049180327868852486 0.05829596412556054
5 0.11727616645649432 0.5504484304932735 0.022698612862547277 0.10986547085201785
5 0.13997477931904162 0.5269058295964126 0.02017654476670872 0.1255605381165919
6 0.7326607818411097 0.4708520179372197 0.035308953341740335 0.12107623318385649
5 0.4387851133944857 0.25323972099292125 0.009723664298348693 0.0518668102371567
2 0.6427610712893942 0.2834953602979292 0.03226488608088473 0.04636578490897332
2 0.6575675601073346 0.2650276324104568 0.025635114968374215 0.03929303805845191
2 0.6688381709986024 0.25127506908999864 0.02607709970920837 0.04007889881962104
2 0.5950267192793182 0.24616697414239985 0.02961297763588057 0.039293038058452086
2 0.5729274822376161 0.24066594881421643 0.02254122178253585 0.03143443044676164
2 0.6259656511377006 0.23830836653070941 0.019005343855863686 0.03143443044676165
