1 0.5281933256616801 0.5685071574642127 0.13808975834292284 0.41717791411042937
2 0.2336018411967779 0.647239263803681 0.11047180667433831 0.1533742331288343
2 0.39010356731875717 0.37218813905930476 0.06444188722669736 0.08588957055214727
6 0.6530885856053068 0.6005492986184874 0.04326632507459358 0.13422893343217465
2 0.5567420821088539 0.2663348460882892 0.03572619810466946 0.056562827346901975
2 0.6710659160437961 0.30615969391416925 0.03962360153426971 0.057717170762144825
2 0.6616471910889286 0.25767727047396755 0.028580958483735656 0.04617373660971591
5 0.5279146148237465 0.23165052184462975 0.008278885611471196 0.0317653560910491
5 0.5354408744705386 0.23048021925180162 0.006773633682112958 0.029424750905392826
5 0.7787759398164957 0.31145555782515755 0.013333228066130545 0.06246712781084916
5 0.7655942257056623 0.2506039591818303 0.008787809407222512 0.03769568057551243
5 0.7722608397387273 0.2473729008467864 0.006363586122471503 0.04092673891055632
2 0.7029655578811739 0.24795190588579671 0.01966651139754262 0.02961803473790262
2 0.6771324285030457 0.2438053810224904 0.022666487712422027 0.02843331334838652
2 0.6246328429926564 0.23195816712732933 0.01499988157439688 0.029618034737902584
2 0.6377994057079603 0.23491997060111955 0.011333243856210871 0.02369442779032209
