2 0.5145489815712904 0.9448275862068966 0.12512124151309412 0.11034482758620663
2 0.5572259941804074 0.5655172413793104 0.08438409311348202 0.12413793103448277
2 0.5868089233753637 0.3913793103448276 0.05431619786614924 0.0758620689655173
2 0.6614936954413178 0.3310344827586199 0.048496605237633335 0.06206896551724164
2 0.6944713870029099 0.25 0.02521823472356928 0.04137931034482758
2 0.7114451988360816 0.24051724137931035 0.026188166828321896 0.029310344827586193
2 0.5965082444228904 0.2456896551724138 0.025218234723569422 0.02586206896551726
2 0.5441319107662462 0.2732758620689655 0.0329776915615907 0.03965517241379306
2 0.530552861299709 0.2620689655172414 0.03491755577109615 0.044827586206896586
2 0.4102812803103783 0.3370689655172414 0.050436469447138706 0.060344827586206906
2 0.4277400581959263 0.4267241379310345 0.0678952473326867 0.09482758620689659
2 0.3482056256062076 0.4060344827586207 0.07177497575169739 0.07758620689655174
2 0.26382153249272555 0.5163793103448273 0.09893307468477193 0.12241379310344858
5 0.3452958292919496 0.29482758620689653 0.011639185257032026 0.06206896551724135
5 0.39185257032007764 0.2681034482758621 0.0155189136760427 0.053448275862068996
5 0.7987390882638215 0.39224137931034486 0.01842870999030069 0.09482758620689652
5 0.7613967022308438 0.25172413793103443 0.011639185257031955 0.04482758620689655
0 0.7531522793404462 0.31896551724137934 0.014548981571290016 0.06896551724137928
0 0.465082444228904 0.253448275862069 0.010669253152279339 0.04482758620689655
2 0.6416100872938894 0.2336206896551724 0.014548981571290014 0.022413793103448255
2 0.6134820562560621 0.23706896551724138 0.014548981571290085 0.029310344827586193
0 0.7410281280310378 0.2508620689655172 0.013579049466537327 0.04999999999999996
