5 0.023278370514064006 0.4879310344827587 0.019398642095053337 0.10344827586206912
5 0.05286129970902037 0.5017241379310344 0.022308438409311345 0.10689655172413787
5 0.09990300678952473 0.4448275862068965 0.019398642095053324 0.09655172413793103
5 0.037827352085354 0.5646551724137926 0.034917555771096 0.12931034482758616
5 0.3486905916585839 0.28879310344827586 0.012609117361784711 0.060344827586206906
5 0.9316197866149369 0.7267241379310344 0.032007759456838016 0.16724137931034477
5 0.8923375363724539 0.5810344827586207 0.027158098933074654 0.13793103448275865
5 0.8642095053346266 0.5801724137931035 0.02327837051406391 0.1293103448275862
5 0.8060135790494666 0.5913793103448276 0.027158098933074654 0.13793103448275873
5 0.8258971871968961 0.556896551724138 0.024248302618816667 0.11034482758620691
5 0.8971871968962172 0.4862068965517241 0.025218234723569422 0.08620689655172413
5 0.8040737148399608 0.41637931034482767 0.02327837051406405 0.07758620689655187
0 0.0877788554801164 0.5181034482758621 0.03976721629485936 0.13275862068965516
0 0.23811833171677982 0.4068965517241379 0.02812803103782734 0.11034482758620691
2 0.9282250242483018 0.5465517241379305 0.14354995150339322 0.11379310344827472
2 0.6445198836081474 0.4681034482758621 0.09214354995150345 0.09827586206896555
2 0.3709990300678952 0.47931034482758617 0.07856450048496605 0.1241379310344827
2 0.32783705140640157 0.4189655172413793 0.07759456838021339 0.12068965517241381
2 0.36760426770126087 0.3844827586206897 0.056256062075654756 0.08965517241379317
2 0.41707080504364696 0.41379310344827586 0.06207565470417073 0.09655172413793103
2 0.3933074684772066 0.3568965517241379 0.05140640155189132 0.06896551724137936
2 0.4485935984481086 0.37327586206896557 0.05528612997090207 0.07758620689655167
2 0.47575169738118334 0.3379310344827586 0.04946653734238609 0.07586206896551723
2 0.4282250242483026 0.3155172413793103 0.04558680892337534 0.07241379310344825
2 0.4616876818622696 0.29741379310344823 0.0465567410281281 0.06379310344827588
2 0.48011639185257027 0.2836206896551724 0.03879728419010668 0.05344827586206897
2 0.501454898157129 0.2767241379310345 0.042677012609117354 0.056896551724137934
2 0.5286129970902037 0.26120689655172413 0.0329776915615907 0.0431034482758621
2 0.5950533462657615 0.2456896551724138 0.035887487875848695 0.032758620689655196
2 0.6561590688651794 0.25689655172413794 0.028128031037827413 0.031034482758620675
7 0.6071774975751697 0.32758620689655177 0.069835111542192 0.12758620689655176
7 0.5455868089233753 0.2482758620689655 0.032007759456838085 0.05172413793103445
2 0.6222114451988361 0.23103448275862068 0.024248302618816667 0.03103448275862071
5 0.7677012609117361 0.27155172413793105 0.008729388942773966 0.06724137931034484
5 0.7827352085354025 0.2818965517241379 0.009699321047526582 0.056896551724137934
