6 0.6439100077579519 0.6006896551724138 0.04189294026377027 0.11448275862068953
6 0.11986035686578743 0.5579310344827586 0.028704422032583388 0.11724137931034484
2 0.10938712179984485 0.7227586206896552 0.1505042668735454 0.19586206896551722
2 0.30760279286268427 0.45655172413793105 0.08301008533747094 0.11862068965517239
2 0.41311093871217996 0.39724137931034487 0.07214895267649339 0.10206896551724143
2 0.5120248254460822 0.2958620689655172 0.04809930178432893 0.07310344827586207
2 0.5577967416602018 0.26689655172413795 0.03568657874321175 0.051034482758620714
2 0.6920093095422808 0.2731034482758621 0.031031807602792866 0.04689655172413794
2 0.6493405740884407 0.2641379310344828 0.02482544608223414 0.04551724137931031
7 0.6264546159813809 0.2910344827586207 0.04577191621411956 0.05793103448275861
7 0.5585725368502715 0.22896551724137928 0.03878975950349115 0.05793103448275861
5 0.212955779674166 0.36758620689655175 0.024049650892164466 0.08137931034482762
0 0.752133436772692 0.6110344827586206 0.03335919317300224 0.13241379310344825
5 0.7804499612102405 0.36 0.015515903801396433 0.07172413793103452
5 0.7920868890612877 0.3255172413793103 0.013964313421256662 0.06068965517241377
5 0.7750193948797517 0.27655172413793105 0.009309542280837918 0.045517241379310354
5 0.4036464650808442 0.26806247491766877 0.01480558016040483 0.044457129650081126
5 0.634600465477114 0.5372413793103448 0.024825446082234207 0.09793103448275858
