2 0.51454898157129 0.8982758620689656 0.11736178467507273 0.2034482758620689
2 0.3069835111542191 0.5594827586206896 0.10572259941804074 0.16379310344827572
2 0.02715809893307469 0.6732758620689655 0.05431619786614938 0.15344827586206897
5 0.17022308438409312 0.5181034482758621 0.01842870999030069 0.13275862068965516
5 0.8758486905916585 0.5543103448275862 0.025218234723569422 0.12241379310344826
5 0.70368574199806 0.5637931034482758 0.024248302618816667 0.14137931034482762
5 0.6668283220174587 0.556896551724138 0.01842870999030069 0.12413793103448277
5 0.6420950533462658 0.5474137931034483 0.017458777885548074 0.09827586206896555
0 0.661493695441319 0.6241379310344828 0.0659553831231814 0.16206896551724143
6 0.6508244422890397 0.5982758620689655 0.054316197866149454 0.11724137931034484
2 0.4287099903006789 0.3258620689655172 0.05237633365664401 0.07931034482758616
2 0.49369544131910764 0.32758620689655166 0.044616876818622725 0.06896551724137932
2 0.593113482056256 0.375 0.05334626576139669 0.07068965517241381
2 0.5800193986420951 0.5120689655172413 0.07565470417070806 0.09310344827586206
2 0.6256062075654704 0.32327586206896547 0.048496605237633335 0.056896551724137934
2 0.540737148399612 0.2810344827586207 0.03200775945683787 0.04137931034482761
2 0.530552861299709 0.25689655172413794 0.027158098933074654 0.04482758620689655
2 0.5853540252182348 0.2508620689655172 0.032007759456838085 0.03620689655172413
2 0.6692531522793405 0.2508620689655172 0.025218234723569422 0.0396551724137931
2 0.7080504364694471 0.24741379310344824 0.02521823472356928 0.032758620689655196
2 0.6828322017458778 0.24310344827586206 0.017458777885547932 0.031034482758620675
2 0.6032977691561591 0.24310344827586206 0.019398642095053376 0.03448275862068964
2 0.6323957322987391 0.2353448275862069 0.02133850630455875 0.039655172413793134
5 0.7710960232783706 0.25 0.007759456838021492 0.05172413793103445
5 0.7701260911736177 0.28620689655172415 0.011639185257031955 0.05862068965517242
5 0.7803103782735208 0.29482758620689653 0.008729388942774108 0.03793103448275865
