2 0.5299055613850996 0.7630597014925371 0.10703043022035655 0.2014925373134327
2 0.5818467995802729 0.4505597014925373 0.0703043022035677 0.11007462686567165
2 0.6065057712486883 0.33582089552238803 0.0461699895068206 0.06343283582089551
0 0.1589716684155299 0.6166044776119404 0.05771248688352568 0.13246268656716417
5 0.2166841552990556 0.36567164179104483 0.02203567681007346 0.09328358208955226
5 0.2722980062959076 0.4048507462686567 0.026232948583420814 0.08582089552238806
5 0.9160545645330531 0.6604477611940298 0.03567681007345213 0.14925373134328357
5 0.7880377754459602 0.3638059701492537 0.023084994753410228 0.07089552238805964
5 0.7922350472193075 0.314365671641791 0.012591815320041918 0.04291044776119403
6 0.5561385099685204 0.2667910447761194 0.014690451206715664 0.044776119402985017
