2 0.5051783659378597 0.8496932515337423 0.12888377445339472 0.19427402862985688
5 0.3522856496935911 0.2963734575170029 0.00933325964629148 0.05923606947580524
5 0.42695172686392274 0.26023945513676155 0.010666582452904855 0.047388855580644214
5 0.44411825799906574 0.2516502250627699 0.009666590347944749 0.04916593766491836
5 0.7583556771013369 0.40612774885139225 0.01122467804668247 0.08672752931952658
5 0.7773888268326684 0.35582578184606684 0.010248619086101626 0.06591292228284004
5 0.7944698586428375 0.33544481245597824 0.01122467804668285 0.06678019757603541
5 0.8462009835536353 0.5058644075688478 0.02098526765249332 0.09540028225147906
5 0.9031261481623267 0.6056010662863032 0.020009208691912334 0.10927668694260334
5 0.9368001823023743 0.6025656027601198 0.0287937393371422 0.11881671516775136
5 0.6288535802390396 0.5722109674982856 0.023913444534236702 0.11881671516775143
0 0.6727762334651887 0.5960610380611553 0.07564456944503455 0.1283567433928991
5 0.7769793676038715 0.2574523991077712 0.007988917642929607 0.04308077780058564
5 0.7640318114239513 0.2400732216995804 0.009090837317816352 0.02692548612536605
1 0.613482509577396 0.22575706895478256 0.022589353335179963 0.040633006334643264
2 0.6634821148253858 0.24729745785507531 0.021762913579014765 0.031821029057250705
2 0.7020493034464249 0.24999000646761196 0.01900811439179776 0.03231058335043922
7 0.6665123939313244 0.2871199890001806 0.04606024241026944 0.07754540004105419
2 0.6352875690796124 0.23259139203999335 0.01452530480532637 0.025367813374311793
2 0.6733538851211575 0.24349510129737298 0.017029667702796444 0.02670296144664395
2 0.7055349483536477 0.24193742854631875 0.015276613674567159 0.023587615944535543
