0 0.6288504883546203 0.6068090787716954 0.0706235912847478 0.14018691588785054
0 0.6773102930127723 0.6008010680907877 0.05935386927122451 0.13351134846461954
0 0.9703230653643877 0.5974632843791723 0.054845980465815104 0.1455273698264353
0 0.15852742299023284 0.5714285714285714 0.06761833208114208 0.15487316421895864
0 0.03794139744552967 0.5987983978638184 0.04883546205860255 0.137516688918558
5 0.7817430503380917 0.3771695594125501 0.014274981217129864 0.0841121495327102
5 0.7764838467317802 0.3104138851802404 0.01577761081893314 0.05740987983978636
5 0.06273478587528175 0.45727636849132175 0.033809166040571006 0.09746328437917214
5 0.07625845229151014 0.5433911882510013 0.026296018031555225 0.12283044058744999
2 0.10330578512396695 0.5487316421895859 0.03080390683696464 0.13618157543391188
2 0.06649135987978963 0.7930574098798391 0.13298271975957926 0.2510013351134845
2 0.31217129977460556 0.445260347129506 0.0773854244928626 0.1134846461949266
2 0.4030803906836964 0.41321762349799734 0.06836964688204336 0.10814419225634182
2 0.4151014274981216 0.33244325767690236 0.05334335086401188 0.06675567423230977
2 0.517655897821187 0.2656875834445928 0.03155522163786628 0.0534045393858478
2 0.5946656649135988 0.37116154873164225 0.05184072126220853 0.07209612817089446
2 0.6093163035311795 0.3184245660881175 0.04357625845229151 0.0467289719626168
2 0.6333583771600302 0.29439252336448596 0.0375657400450789 0.0520694259012016
2 0.6615326821938389 0.2523364485981308 0.02479338842975183 0.0427236315086782
2 0.6953418482344103 0.2570093457943925 0.026296018031555235 0.041388518024032026
5 0.4819684447783621 0.23765020026702272 0.011269722013523662 0.03738317757009348
0 0.735161532682194 0.2750333778371161 0.012772351615326869 0.05874499332443257
