1 0.4085155350978135 0.5276073619631902 0.20253164556962028 0.42126789366053186
2 0.5615650172612199 0.5143149284253579 0.0782508630609896 0.1533742331288344
2 0.6144994246260069 0.34253578732106343 0.05523590333716918 0.07566462167689167
0 0.033371691599539684 0.5899795501022496 0.05753739930955117 0.17382413087934573
0 0.8049482163406213 0.5991820040899796 0.08630609896432659 0.1390593047034765
0 0.25821639802172797 0.37683111489334264 0.037578269982371994 0.09349227660644964
0 0.3846784029245658 0.3041139911395051 0.024199808940027056 0.07297883759419208
0 0.40704489300549995 0.30281079761103735 0.014666550872743685 0.07167564406572435
5 0.7885007936527725 0.3573654683092087 0.01774652655601997 0.0652248360998091
5 0.790719109472275 0.32331953737798963 0.013309894917015015 0.05017295084600708
5 0.7895091190252737 0.30432549170057266 0.014116555215015864 0.04802268152403528
