2 0.07990238835479843 0.6435546497300342 0.12164622825722153 0.14565715414408245
2 0.28333503706651114 0.4870886484106452 0.08680580365927941 0.11228613220999094
2 0.41029590636409674 0.42202565591513647 0.05964208278630764 0.09969329495279573
5 0.6975815271662117 0.5580455982017611 0.025677847625750302 0.13351586134631319
2 0.5815556971535629 0.37382751102773426 0.050404663857953905 0.08281363551859919
2 0.6378833353577467 0.3476549052550367 0.048314918548764324 0.06487219193100585
2 0.5101172174176816 0.3099717937657024 0.04079926455228964 0.04865414394825432
2 0.4983069039946504 0.28087470767900125 0.03435727541245434 0.04960814677076911
2 0.5476954874000536 0.25034661735852787 0.025767956559340846 0.04579213548071
2 0.6668722864870051 0.2493926145360131 0.023620626846062434 0.0343441016105325
2 0.6156047895824832 0.23365156796451905 0.01771547013454672 0.029574087497958493
2 0.6435200758551025 0.23555957360954863 0.01771547013454679 0.02575807620789934
2 0.6282203516479938 0.23365156796451905 0.012883978279670458 0.033390098788017714
2 0.7122346266800114 0.23746757925457826 0.01986279984782513 0.02957408749795853
