2 0.5290979631425801 0.875 0.1348205625606208 0.22931034482758605
2 0.5387972841901068 0.6293103448275862 0.0863239573229874 0.14137931034482762
2 0.6377303588748788 0.28879310344827586 0.0397672162948593 0.060344827586206906
2 0.6547041707080504 0.2629310344827587 0.027158098933074654 0.05000000000000004
2 0.6692531522793405 0.24310344827586206 0.02909796314258003 0.04482758620689651
2 0.7104752667313289 0.2439655172413793 0.02036857419980592 0.029310344827586227
2 0.5630455868089234 0.24741379310344824 0.033947623666343386 0.04999999999999996
2 0.6110572259941803 0.24224137931034484 0.02521823472356928 0.029310344827586193
2 0.5955383123181377 0.23448275862068965 0.02521823472356928 0.03793103448275865
2 0.4883608147429679 0.28793103448275864 0.0397672162948593 0.05172413793103448
2 0.5344325897187197 0.28793103448275864 0.036857419980601304 0.062068965517241385
2 0.524733268671193 0.26120689655172413 0.044616876818622656 0.05689655172413797
2 0.4369544131910766 0.4043103448275862 0.06498545101842872 0.09137931034482762
2 0.38166828322017465 0.3741379310344828 0.06304558680892335 0.06551724137931032
2 0.30261881668283225 0.45948275862068966 0.0931134820562561 0.11206896551724135
3 0.06207565470417067 0.6689655172413786 0.12415130940834133 0.14827586206896567
3 0.2245392822502425 0.5405172413793103 0.0417070805043647 0.11896551724137928
0 0.7686711930164889 0.5922413793103449 0.07468477206595538 0.1362068965517242
0 0.757516973811833 0.3 0.013579049466537327 0.07586206896551725
0 0.483996120271581 0.24913793103448278 0.011639185257032026 0.046551724137930996
0 0.7449078564500485 0.27413793103448275 0.021338506304558677 0.06896551724137932
5 0.9291949563530554 0.6051724137931034 0.021338506304558677 0.10689655172413794
5 0.9005819592628516 0.5241379310344828 0.022308438409311435 0.10344827586206903
5 0.8666343355965083 0.5094827586206897 0.022308438409311293 0.10862068965517231
5 0.7914645974781765 0.32241379310344825 0.013579049466537327 0.06551724137931028
5 0.07516973811833172 0.45775862068965517 0.026188166828322004 0.09137931034482762
5 0.6745877788554802 0.5387931034482759 0.030067895247332645 0.11551724137931033
5 0.6973811833171678 0.6301724137931033 0.027158098933074658 0.143103448275862
