2 0.5504 0.5078236130867709 0.07040000000000006 0.11664295874822195
2 0.44040000000000007 0.31934566145092463 0.04559999999999995 0.07254623044096721
2 0.6572 0.3364153627311522 0.0520000000000001 0.06970128022759603
2 0.5812267097774223 0.27862137942697573 0.04019054381982905 0.05620650797121538
2 0.669510432437833 0.30712610846952065 0.045157914404302064 0.057009458085089906
2 0.697734128940522 0.25212402566911707 0.022127378058108178 0.02730030387173315
2 0.5259082646321518 0.26216090209254767 0.028901065218752645 0.042556356035348596
5 0.47736350664752736 0.24048124901793677 0.004967370584473301 0.045768156490846756
5 0.4823308772320006 0.23646649844856427 0.007676845448731271 0.042556356035348804
5 0.3698876703652882 0.2874538306795953 0.012192636889161577 0.057812408198964355
5 0.06299529059400152 0.5548362185998055 0.030255802650882454 0.10759531525918377
0 0.6745379181411189 0.5854813693520544 0.06773687160645232 0.12285136742279919
5 0.7814430582999731 0.330179347088801 0.012689000741704745 0.07365906003311569
2 0.5536659744504826 0.25016615971925127 0.025515955882245436 0.036395525835194356
2 0.6093244056881277 0.2389483606604584 0.025796351001830687 0.03091126851756233
2 0.6296530518580483 0.23271625007224025 0.015982521816351392 0.01744990964701099
2 0.648439524870251 0.23146982795459656 0.01373936085967074 0.02093989157641321
