0 0.3366951124903027 0.5799999999999997 0.11947245927075267 0.14758620689655164
0 0.6524437548487201 0.5868965517241379 0.062063615205586065 0.12551724137931036
0 0.7835531419705197 0.670344827586207 0.043444530643910045 0.1544827586206897
3 0.9809930178432893 0.5793103448275861 0.03801396431342127 0.10206896551724143
6 0.014352211016291696 0.6041379310344825 0.02870442203258339 0.15172413793103448
2 0.31380915438324286 0.4489655172413793 0.0721489526764936 0.10068965517241381
2 0.36346004654771136 0.37862068965517237 0.06594259115593493 0.10896551724137932
2 0.461210240496509 0.30344827586206896 0.044220325833979855 0.06896551724137936
2 0.5096974398758728 0.2717241379310345 0.034134988363072126 0.05517241379310349
3 0.5341349883630722 0.2889655172413793 0.017843289371605876 0.053793103448275835
2 0.5356865787432118 0.25310344827586206 0.028704422032583422 0.04551724137931032
7 0.5853374709076803 0.22413793103448276 0.03335919317300231 0.062068965517241385
5 0.7792862684251355 0.3075862068965518 0.013188518231186915 0.05517241379310364
5 0.7905352986811482 0.30758620689655175 0.010861132660977404 0.06068965517241384
