2 0.3064875006999514 0.45348753443547507 0.07380941726708251 0.10464644033595753
2 0.3934051478095484 0.44524483536791665 0.06695280473407457 0.08816104220084096
2 0.357105434399505 0.39543026274223714 0.06372616354207188 0.0759761827096683
2 0.4236549089845825 0.40044755782683905 0.05646622086006317 0.09747887592938512
2 0.44866137822261115 0.3699854090989059 0.04275299579404789 0.06809186186243783
2 0.4662062397041302 0.3373729910490016 0.04799628773105376 0.08314374711624026
2 0.5051275990826738 0.3108530027446837 0.03387973251603791 0.0759761827096679
2 0.5226724605641934 0.29723463037219594 0.02621645968502918 0.06307456677783745
0 0.35266880276050316 0.3162286760496129 0.017746526556019902 0.07095888762506714
0 0.4514846892656138 0.26569734698327724 0.010486583874011685 0.04873943796469256
5 0.5043209387846729 0.2391773586789592 0.009679923576010836 0.05017295084600701
5 0.23591038275183923 0.42103703643225904 0.01613320596001806 0.08144959552923225
0 0.22161049565091415 0.4014891335052433 0.018333188590929625 0.08144959552923225
5 0.6471759987342637 0.5520399948220248 0.02334349784159116 0.13674236662625852
5 0.8745589591912428 0.5336028217937653 0.02334349784159116 0.11830519359799901
5 0.9732768038177072 0.7305637886151283 0.026723196182292384 0.16342039729593708
5 0.9174724823782137 0.5587628581245279 0.023579290749081706 0.11313719812795654
0 0.6122088566863004 0.2525878512468809 0.011019196748867515 0.039164343455077584
5 0.7927774489850878 0.33337812233035563 0.00931692644191017 0.062286134693114545
5 0.7868818758956535 0.3271215544659096 0.009789782235564815 0.051787561593491384
5 0.7863127025098647 0.2903038348955368 0.009562112881249333 0.029939684046237217
5 0.7719695331879908 0.2629939879614691 0.010928129007142075 0.037626900220271084
0 0.7479504163077099 0.26258939763651995 0.007513088692410008 0.04086362281986428
5 0.7629765936925301 0.25105857337546916 0.008423766109672073 0.03641312924542362
