2 0.2969569779643232 0.4701492537313433 0.08184679958027288 0.11194029850746276
2 0.41552990556138525 0.41417910447761197 0.06505771248688352 0.1082089552238806
2 0.3452256033578174 0.40298507462686556 0.06086044071353611 0.10820895522388063
2 0.5996852046169987 0.4291044776119405 0.08289611752360969 0.11567164179104517
2 0.6133263378803774 0.3339552238805971 0.04721930745015732 0.07462686567164184
2 0.3777544596012592 0.3703358208955224 0.03357817418677861 0.07276119402985075
2 0.4071353620146904 0.3414179104477612 0.03987408184679957 0.0746268656716418
2 0.4485834207764953 0.3805970149253731 0.0472193074501574 0.07089552238805964
2 0.43231899265477436 0.32835820895522383 0.0482686253934942 0.048507462686567054
2 0.4506820566631688 0.30037313432835805 0.04512067156348364 0.06343283582089553
