0 0.1254695717505635 0.5013351134846462 0.03155522163786626 0.12416555407209608
6 0.2907588279489106 0.568758344459279 0.05409466566491373 0.13618157543391168
5 0.6863260706235914 0.6875834445927904 0.032306536438767776 0.144192256341789
6 0.852742299023291 0.8210947930574096 0.05709992486851972 0.20293724966622156
0 0.9571750563486101 0.507343124165554 0.05259203606311047 0.1068090787716956
2 0.8512396694214869 0.5400534045393858 0.13974455296769334 0.1081441922563418
2 0.7772351615326822 0.5353805073431243 0.006761833208114183 0.005340453938584844
2 0.6190833959428999 0.459279038718291 0.08264462809917353 0.09612817089452581
2 0.49135987978963186 0.28170894526034723 0.03756574004507881 0.050734312416555405
2 0.4673178061607814 0.2843791722296395 0.030052592036063076 0.04272363150867825
2 0.4429000751314801 0.31241655540720964 0.041322314049586806 0.06675567423230973
2 0.4763335837716003 0.3377837116154873 0.04808414725770092 0.07476635514018688
2 0.4259954921111946 0.3257676902536716 0.03606311044327569 0.05073431241655541
2 0.38955672426746807 0.3484646194926569 0.04733283245679942 0.06675567423230973
2 0.4327573253193088 0.3918558077436582 0.04808414725770099 0.08678237650200266
2 0.4902329075882794 0.4272363150867824 0.05785123966942145 0.10146862483311082
2 0.4064613072877536 0.4279038718291055 0.06010518407212622 0.08945260347129512
2 0.36025544703230666 0.3911882510013352 0.04883546205860263 0.08010680907877173
2 0.3181818181818182 0.4399198931909213 0.07137490608564992 0.0947930574098799
2 0.6172051089406461 0.3244325767690253 0.035311795642374195 0.061415220293724884
2 0.6341096919609321 0.2877169559412549 0.03005259203606302 0.03871829105473968
2 0.5353117956423741 0.2550066755674233 0.03380916604057079 0.0534045393858478
2 0.5841472577009766 0.2516688918558077 0.021788129226145828 0.038718291054739604
5 0.35236664162284 0.2917222963951936 0.01202103681442523 0.05473965287049399
5 0.3643876784372652 0.28838451268357806 0.01202103681442523 0.05874499332443253
0 0.7374154770848986 0.30707610146862485 0.014274981217130006 0.0640854472630173
5 0.7885048835462058 0.3137516688918558 0.01577761081893314 0.06942590120160212
