2 0.2617951668584581 0.511247443762781 0.08860759493670908 0.1308793456032718
2 0.2612197928653625 0.6042944785276074 0.11507479861910244 0.14110429447852751
6 0.15880322209436135 0.525562372188139 0.034522439585730716 0.12678936605316962
0 0.6467203682393555 0.5838445807770961 0.0828538550057538 0.12883435582822073
0 0.742807825086306 0.5991820040899796 0.07940161104718058 0.11451942740286292
2 0.5172612197928654 0.8220858895705522 0.12313003452243962 0.17995910020449912
5 0.7646720368239355 0.4038854805725971 0.02646720368239343 0.09611451942740289
5 0.8222094361334868 0.45705521472392635 0.035673187571921686 0.0920245398773006
5 0.8032220943613347 0.38548057259713703 0.02761795166858448 0.07975460122699389
2 0.34982738780207134 0.4038854805725971 0.06904487917146142 0.1288343558282209
2 0.4252013808975834 0.41411042944785265 0.06329113924050633 0.10429447852760725
2 0.4326812428078251 0.3179959100204499 0.05523590333716911 0.08793456032719835
0 0.4060794353328505 0.28585266339070864 0.021818009562759144 0.06085159864332724
2 0.5598388952819333 0.467280163599182 0.0724971231300345 0.12065439672801631
2 0.47986191024165703 0.29141104294478526 0.043728423475258967 0.06339468302658481
2 0.6277330264672036 0.39059304703476483 0.0632911392405063 0.08588957055214727
6 0.322294701064343 0.3497445554539204 0.026841621415980052 0.09349227660644953
5 0.7761830876648564 0.34 0.014740108611326548 0.06482758620689659
5 0.7994569433669512 0.3393103448275862 0.01784328937160595 0.055172413793103454
2 0.5224980605120249 0.26482758620689656 0.03180760279286268 0.03862068965517242
2 0.5453840186190846 0.25724137931034485 0.018619084561675693 0.031724137931034485
7 0.5539177657098526 0.24551724137931033 0.024825446082234207 0.03862068965517242
7 0.5612878200155158 0.24137931034482754 0.027152831652443723 0.03862068965517242
7 0.6563227307990691 0.25999999999999995 0.02792862684251347 0.045517241379310326
2 0.6920093095422808 0.2648275862068965 0.02792862684251361 0.04137931034482758
2 0.5938712179984483 0.2482758620689655 0.019394879751745506 0.041379310344827544
2 0.5763782336189003 0.23939932553801122 0.011515451235870415 0.025738338218468007
0 0.7491100021569566 0.2578256358535054 0.010199399666056763 0.049721789740222386
5 0.7714828788437904 0.2502211268344125 0.00822532231133593 0.03802254509546408
