2 0.5286129970902036 0.9017241379310346 0.13385063045586804 0.19655172413793096
2 0.3137730358874879 0.45517241379310347 0.07662463627546075 0.1137931034482758
2 0.3870029097963142 0.36379310344827587 0.05431619786614938 0.08965517241379306
2 0.4655674102812803 0.2991379310344828 0.0465567410281281 0.07413793103448274
2 0.6571290009699321 0.25775862068965516 0.02812803103782727 0.046551724137931065
7 0.6731328806983512 0.23879310344827587 0.02521823472356928 0.05
2 0.7012609117361785 0.24913793103448273 0.02909796314258003 0.03620689655172413
6 0.08195926285160038 0.5706896551724142 0.04170708050436471 0.13448275862068965
0 0.019398642095053348 0.6206896551724141 0.038797284190106696 0.1344827586206895
0 0.6634335596508245 0.6025862068965517 0.07371483996120283 0.13275862068965524
0 0.8176527643064986 0.6043103448275862 0.07565470417070813 0.13275862068965524
3 0.5111542192046558 0.27327586206896554 0.021338506304558677 0.056896551724137934
5 0.8060135790494666 0.421551724137931 0.025218234723569422 0.11206896551724142
