2 0.3991270611057226 0.4387931034482759 0.06498545101842865 0.10517241379310342
2 0.3632395732298739 0.3844827586206897 0.06692531522793402 0.08275862068965523
2 0.47720659553831224 0.2965517241379311 0.04849660523763324 0.05172413793103451
2 0.5111542192046556 0.2698275862068965 0.036857419980601366 0.04310344827586203
2 0.6862269641125122 0.2620689655172414 0.02618816682832204 0.04137931034482761
2 0.7032007759456838 0.24741379310344824 0.021338506304558677 0.03620689655172413
2 0.6290009699321047 0.2448275862068966 0.024248302618816667 0.03448275862068964
2 0.6052376333656645 0.2353448275862069 0.021338506304558677 0.029310344827586193
0 0.014548981571290009 0.6103448275862068 0.029097963142580018 0.15862068965517248
0 0.09408341416100875 0.5887931034482758 0.0717749757516974 0.13620689655172413
0 0.17943743937924345 0.6051724137931034 0.062075654704170695 0.13793103448275856
0 0.23035887487875847 0.6422413793103448 0.04752667313288064 0.14655172413793097
0 0.361784675072745 0.5741379310344825 0.06983511154219199 0.14482758620689656
0 0.3782735208535402 0.5655172413793104 0.06401551891367603 0.12068965517241381
0 0.930164888457808 0.8698275862068965 0.054316197866149454 0.2086206896551724
5 0.4631425800193986 0.5327586206896552 0.024248302618816667 0.12068965517241381
5 0.24830261881668286 0.5336206896551724 0.02327837051406405 0.10517241379310334
5 0.8254122211445198 0.46896551724137936 0.021338506304558677 0.0896551724137931
5 0.7735208535402522 0.328448275862069 0.02036857419980606 0.07068965517241384
5 0.7924345295829291 0.3241379310344828 0.017458777885547932 0.07241379310344825
5 0.7837051406401551 0.28448275862068967 0.009699321047526582 0.055172413793103454
5 0.3554801163918526 0.2887931034482758 0.014548981571290021 0.06379310344827598
