5 0.7728226652675758 0.6427238805970147 0.03252885624344173 0.1361940298507462
5 0.8263378803777544 0.5121268656716418 0.015739769150052603 0.050373134328358216
5 0.9118572927597063 0.48320895522388063 0.02728226652675758 0.08955223880597017
5 0.8641133263378804 0.5009328358208955 0.009443861490031508 0.05037313432835816
5 0.8719832109129066 0.4869402985074627 0.010493179433368454 0.09701492537313428
5 0.8898216159496327 0.4990671641791045 0.008394543546694706 0.0578358208955224
5 0.8352570828961176 0.4888059701492537 0.016789087093389412 0.10074626865671639
5 0.8525708289611752 0.5018656716417911 0.011542497376705114 0.05223880597014926
2 0.37355718782791186 0.4748134328358209 0.07555089192025186 0.1175373134328359
2 0.310598111227702 0.44589552238805974 0.05876180482686255 0.08955223880597017
2 0.42077649527806926 0.4132462686567165 0.06715634837355722 0.09141791044776121
2 0.6264428121720882 0.3507462686567165 0.044071353620147 0.059701492537313425
2 0.4359916054564533 0.332089552238806 0.03252885624344181 0.06343283582089555
2 0.45697796432318993 0.3078358208955224 0.03252885624344181 0.05223880597014926
2 0.4753410283315844 0.2789179104477612 0.04407135362014692 0.07649253731343286
2 0.4071353620146904 0.34608208955223885 0.041972717733473316 0.06529850746268658
2 0.38247639034627495 0.3722014925373135 0.03672612801678902 0.07649253731343286
2 0.34942287513116477 0.38992537313432835 0.04616998950682055 0.07835820895522382
