2 0.1037827352085354 0.631896551724138 0.15518913676042678 0.17413793103448286
2 0.5358874878758487 0.8275862068965517 0.12124151309408347 0.20344827586206904
2 0.5504364694471388 0.5706896551724138 0.08632395732298732 0.1310344827586207
2 0.5688651794374394 0.4301724137931035 0.06304558680892335 0.0844827586206896
2 0.6105722599418041 0.33189655172413796 0.04752667313288072 0.07413793103448285
2 0.6357904946653734 0.29310344827586204 0.03394762366634346 0.04137931034482761
2 0.6503394762366633 0.2637931034482759 0.026188166828321896 0.04137931034482761
2 0.5746847720659554 0.25689655172413794 0.02812803103782734 0.04137931034482758
2 0.5926285160038798 0.2456896551724138 0.025218234723569353 0.03620689655172413
2 0.6270611057225994 0.23620689655172414 0.02036857419980606 0.031034482758620675
2 0.6047526673132881 0.23189655172413792 0.02036857419980592 0.04655172413793103
3 0.4233753637245393 0.3353448275862068 0.024248302618816654 0.07413793103448281
0 0.4277400581959263 0.48706896551724127 0.03879728419010665 0.11896551724137935
0 0.3419010669253153 0.3241379310344828 0.01648884578079539 0.06896551724137925
0 0.6910766246362744 0.6146551724137934 0.08050436469447089 0.12241379310344795
0 0.6682832201745879 0.593103448275862 0.07759456838021336 0.12413793103448284
0 0.7255092143549952 0.4853448275862069 0.025218234723569422 0.11896551724137922
5 0.435984481086324 0.25517241379310346 0.01260911736178464 0.05172413793103452
5 0.8016488845780796 0.385344827586207 0.01842870999030069 0.08103448275862071
5 0.6517943743937924 0.5405172413793103 0.021338506304558677 0.11896551724137928
5 0.8748787584869059 0.6594827586206898 0.040737148399612115 0.15689655172413827
5 0.8942774005819593 0.6577586206896552 0.0155189136760427 0.0017241379310344485
5 0.989815712900097 0.814655172413793 0.02036857419980592 0.1844827586206897
5 0.9612027158098934 0.6448275862068965 0.015518913676042558 0.15862068965517231
5 0.9325897187196897 0.6465517241379309 0.02812803103782727 0.1586206896551724
5 0.95635305528613 0.6586206896551725 0.02521823472356928 0.15862068965517245
6 0.015518913676042679 0.6163793103448275 0.031037827352085358 0.1465517241379311
0 0.5344325897187197 0.23793103448275865 0.00775945683802135 0.04827586206896552
2 0.6639185257032009 0.2586206896551724 0.022308438409311293 0.04137931034482758
0 0.74733268671193 0.2439655172413793 0.012609117361784711 0.05344827586206897
