7 0.39930955120828543 0.4202453987730061 0.0828538550057538 0.1574642126789366
7 0.33601841196777904 0.38854805725971375 0.09436133486766395 0.20040899795501027
0 0.595512082853855 0.6523517382413089 0.08630609896432688 0.15132924335378334
0 0.7813578826237054 0.6881390593047035 0.059838895281933306 0.1615541922290388
5 0.5811277330264673 0.5449897750511248 0.04142692750287679 0.13292433537832302
5 0.8970080552359028 0.48977505112474423 0.028768699654775628 0.11656441717791415
5 0.8055235903337169 0.46216768916155426 0.03222094361334868 0.07770961145194277
2 0.7560414269275033 0.5265848670756647 0.14499424626006924 0.12883435582822114
2 0.7531645569620253 0.4478527607361963 0.010356731875719163 0.020449897750511283
2 0.6823935558112774 0.5214723926380368 0.004602991944764057 0.012269938650306712
2 0.5880322209436133 0.4458077709611452 0.0805523590333717 0.11042944785276078
