2 0.22727272727272727 0.6728016359918201 0.13463751438434982 0.19222903885480577
2 0.22669735327963175 0.5286298568507157 0.1012658227848101 0.1451942740286298
2 0.3469505178365938 0.5296523517382412 0.09090909090909087 0.1390593047034765
2 0.4177215189873418 0.4325153374233129 0.05983889528193323 0.11247443762781188
2 0.3429228998849252 0.401840490797546 0.06444188722669733 0.10838445807770966
2 0.4522439585730725 0.36912065439672803 0.05293440736478715 0.10429447852760734
2 0.48906789413118523 0.32719836400818 0.03222094361334868 0.0695296523517382
2 0.4372842347525892 0.32004089979550104 0.05063291139240512 0.0674846625766871
5 0.7548906789413118 0.5480572597137015 0.02761795166858448 0.10633946830265842
7 0.5069044879171462 0.30777096114519426 0.040276179516685884 0.06748466257668713
5 0.12428078250863063 0.5613496932515337 0.013808975834292294 0.07157464212678931
5 0.13924050632911392 0.5398773006134969 0.016110471806674322 0.10633946830265856
5 0.8791714614499423 0.6871165644171779 0.02071346375143847 0.07361963190184043
5 0.9252013808975835 0.6932515337423313 0.01841196777905653 0.07361963190184086
5 0.9044879171461448 0.6707566462167689 0.03222094361334868 0.130879345603272
5 0.9649021864211739 0.6278118609406953 0.026467203682393716 0.11860940695296528
5 0.8532796317606445 0.5102249488752556 0.021864211737629376 0.10838445807770952
5 0.8060989643268124 0.43558282208588955 0.021864211737629376 0.09406952965235177
0 0.7600690448791716 0.4233128834355828 0.024165707710011475 0.08179959100204506
0 0.7295742232451093 0.261758691206544 0.013808975834292312 0.049079754601226995
0 0.3331415420023015 0.3210633946830266 0.021864211737629445 0.081799591002045
5 0.18577821454266844 0.3787939413994957 0.022439595503759336 0.08605105459083426
7 0.3818294173649866 0.34626244515174137 0.06259466114206547 0.08814986080036676
0 0.5925241665750047 0.26334659074580813 0.015528210736517422 0.052036517591715924
2 0.5592494292824673 0.26492345491525404 0.02795077932573129 0.042575332575040294
2 0.5448303764557013 0.2759615041013756 0.02573246350622881 0.04730592508337803
2 0.5317423131206367 0.28463425703332823 0.024401474014527337 0.048882789252824035
2 0.5217598919328754 0.2976433864312572 0.03016909514523377 0.04651749299865507
2 0.46341818587996014 0.2980376024736187 0.030612758309134305 0.04257533257504026
2 0.483826691419383 0.28266317682152087 0.03150008463693524 0.037056307981979515
2 0.5051225232866069 0.2696540474235919 0.02795077932573122 0.03784474006670251
7 0.524865534080179 0.25152010947496356 0.032831074128636784 0.037844740066702444
2 0.6448965864227134 0.2722702084319908 0.03266974206903662 0.04730592508337814
6 0.4456514928164904 0.26151886182213213 0.014116555215015723 0.05303997660863605
5 0.7674584975717363 0.25949213152604655 0.009090837317816352 0.04259122350739716
2 0.03855005753739931 0.6625766949175812 0.07710011507479862 0.15541923850591913
