6 0.19646882043576258 0.7797062750333779 0.04583020285499621 0.20293724966622165
3 0.26483846731780614 0.4966622162883845 0.041322314049586806 0.11481975967957268
2 0.4988730277986477 0.26769025367156213 0.030052592036063145 0.046728971962616835
2 0.5345604808414726 0.27970627503337786 0.03681442524417733 0.046728971962616835
2 0.5150262960180316 0.3030707610146862 0.035311795642374195 0.05607476635514015
2 0.4898572501878287 0.3197596795727637 0.03606311044327576 0.06275033377837115
2 0.46994740796393686 0.34579439252336447 0.04432757325319308 0.07209612817089454
2 0.44402704733283244 0.37383177570093457 0.03906836964688203 0.07743658210947928
2 0.4218632607062359 0.3971962616822429 0.06085649887302779 0.0947930574098799
2 0.39030803906836964 0.355807743658211 0.0398196844477836 0.06275033377837111
2 0.3610067618332081 0.3878504672897196 0.048835462058602556 0.07076101468624835
2 0.39068369646882045 0.4445927903871829 0.0646130728775357 0.10680907877169553
2 0.3208114199849738 0.42923898531375104 0.06912096168294508 0.10547396528704929
2 0.6975957926371149 0.49666221628838464 0.13148009015777604 0.10680907877169586
2 0.8903080390683692 0.5507343124165552 0.1352366641622839 0.10547396528704929
0 0.7907588279489106 0.5640854472630175 0.030803906836964642 0.12149532710280375
5 0.7956423741547707 0.4145527369826436 0.013523666416228384 0.08945260347129513
2 0.5912847483095417 0.35847797062750325 0.043576258452291385 0.06275033377837119
2 0.6235912847483097 0.29839786381842454 0.031555221637866136 0.05206942590120155
0 0.32832456799398946 0.33978638184245663 0.01803155522163788 0.07610146862483308
