2 0.6689401888772298 0.4841417910447761 0.12906610703043028 0.09888059701492544
2 0.608604407135362 0.34048507462686567 0.048268625393494274 0.0652985074626866
2 0.3945435466946485 0.4347014925373134 0.06715634837355722 0.09701492537313434
2 0.3179433368310598 0.4412313432835821 0.06925498426023083 0.09514925373134332
2 0.3672612801678909 0.3796641791044776 0.05246589716684149 0.07276119402985075
2 0.4328436516264428 0.4020522388059702 0.0472193074501574 0.08768656716417915
2 0.45750262329485836 0.3591417910447761 0.05036726128016788 0.06902985074626869
2 0.39716684155299053 0.3460820895522388 0.04512067156348366 0.07649253731343282
2 0.4816369359916055 0.3367537313432836 0.041972717733473316 0.05783582089552244
2 0.49317943336831066 0.31529850746268656 0.048268625393494205 0.052238805970149294
7 0.43494228751311653 0.28451492537313433 0.053515215110178434 0.09514925373134332
0 0.9233997901364107 0.5867537313432832 0.15320041972717705 0.2294776119402985
0 0.7371458551941228 0.5690298507462687 0.036726128016789074 0.13059701492537384
0 0.20671563483735567 0.4039179104477612 0.027282266526757616 0.08768656716417908
