0 0.7284716834755625 0.27655172413793094 0.012412723041117034 0.05655172413793091
0 0.6532195500387898 0.5882758620689652 0.06361520558572502 0.13655172413793087
0 0.6702870442203259 0.6151724137931035 0.05585725368502722 0.09931034482758612
0 0.7121799844840961 0.6 0.065166795965865 0.126896551724138
0 0.778122575640031 0.5986206896551725 0.03568657874321175 0.12965517241379318
0 0.7397207137315749 0.44275862068965516 0.027152831652443723 0.09103448275862064
5 0.8200155159038013 0.5165517241379309 0.017067494181536205 0.10896551724137929
5 0.8176881303335917 0.4386206896551725 0.018619084561675835 0.04965517241379302
5 0.8514352211016292 0.6096551724137931 0.022498060512024836 0.11034482758620691
5 0.8599689681923972 0.5510344827586207 0.014740108611326548 0.04
5 0.8758727695888285 0.6158620689655172 0.031031807602792356 0.11448275862068961
5 0.9057408844065167 0.6158620689655173 0.019394879751745576 0.11172413793103438
5 0.9231962761830875 0.6234482758620689 0.01551590380139637 0.09655172413793095
5 0.9441427463149727 0.6158620689655173 0.020170674941815462 0.10896551724137943
4 0.35880527540729246 0.4006896551724138 0.024049650892164466 0.08689655172413786
5 0.12800620636152055 0.5220689655172415 0.024825446082234297 0.09517241379310348
2 0.10162916989914664 0.768965517241379 0.17843289371605897 0.22482758620689655
2 0.09038013964313421 0.6386206896551724 0.14041892940263773 0.1572413793103447
2 0.3576415826221877 0.5124137931034483 0.07757951900698216 0.10896551724137922
2 0.3060512024825445 0.4668965517241375 0.07214895267649316 0.10620689655172413
2 0.42862684251357636 0.39586206896551723 0.056633048875097035 0.08827586206896555
2 0.4065166795965864 0.34413793103448276 0.05430566330488749 0.07034482758620692
2 0.44103956555469354 0.3172413793103448 0.03491078355314194 0.057931034482758645
2 0.47866563227307984 0.3337931034482759 0.04965089216446856 0.06068965517241381
2 0.5073700543056633 0.3055172413793103 0.03878975950349108 0.05379310344827587
2 0.4697439875872769 0.28965517241379307 0.03180760279286275 0.03862068965517246
2 0.49689681923972073 0.27586206896551724 0.03491078355314194 0.03586206896551726
2 0.6997672614429788 0.2524137931034482 0.026377036462373972 0.02758620689655173
2 0.6749418153607448 0.24344827586206896 0.018619084561675693 0.028965517241379288
0 0.25795190069821566 0.37862068965517237 0.022498060512024836 0.07862068965517245
5 0.3366951124903026 0.296551724137931 0.013964313421256805 0.06068965517241381
5 0.34561675717610557 0.29724137931034483 0.010085337470907731 0.040000000000000036
5 0.3603568657874321 0.2882758620689655 0.01629169899146625 0.06068965517241381
0 0.39177657098525986 0.2944827586206897 0.012412723041117103 0.06482758620689655
0 0.4297905352986811 0.26620689655172414 0.012412723041117103 0.04689655172413797
2 0.5089216446858024 0.9206896551724129 0.13033359193172991 0.15862068965517187
