2 0.517455391776571 0.2558620689655173 0.034134988363072195 0.05655172413793103
2 0.5104732350659426 0.2772413793103448 0.02017067494181532 0.041379310344827544
7 0.48215671062839405 0.27448275862068966 0.050426687354538376 0.08551724137931035
2 0.4615981380915439 0.3 0.037238169123351456 0.05103448275862068
2 0.44065166795965865 0.3137931034482759 0.031031807602792866 0.04
2 0.41737781225756393 0.33103448275862063 0.03568657874321182 0.05517241379310342
2 0.4623739332816137 0.3613793103448276 0.0465477114041893 0.06344827586206897
2 0.43444530643910007 0.39793103448275857 0.05585725368502707 0.07862068965517245
2 0.39255236617532974 0.35655172413793096 0.04809930178432893 0.06482758620689659
2 0.3584173778122575 0.3993103448275862 0.04809930178432893 0.0758620689655173
2 0.31730023273855684 0.4324137931034477 0.07292474786656297 0.11172413793103447
2 0.3964313421256789 0.4482758620689655 0.06516679596586507 0.09655172413793103
2 0.6415826221877424 0.29172413793103447 0.029480217222653097 0.051034482758620714
2 0.6093871217998449 0.3393103448275862 0.041117145073700526 0.06068965517241377
2 0.6051202482544608 0.4344827586206897 0.06516679596586492 0.09103448275862071
2 0.7335143522110162 0.5096551724137929 0.10938712179984489 0.10068965517241336
5 0.8568657874321178 0.4855172413793103 0.024049650892164466 0.09931034482758612
5 0.8948797517455388 0.58 0.025601241272304086 0.10620689655172404
5 0.899922420480993 0.6889655172413793 0.031031807602792866 0.1365517241379311
5 0.8095422808378587 0.6813793103448273 0.02870442203258359 0.14068965517241375
5 0.756788207913111 0.6462068965517241 0.016291698991466177 0.15586206896551716
5 0.765321955003879 0.6551724137931035 0.014740108611326548 0.10482758620689658
5 0.05896043444530644 0.4841379310344827 0.027928626842513574 0.10206896551724136
5 0.11869666408068269 0.4317241379310344 0.018619084561675693 0.08275862068965516
5 0.234678044996121 0.36758620689655175 0.011636927851047325 0.06206896551724135
5 0.2339022498060511 0.35724137931034483 0.017843289371605953 0.07448275862068966
5 0.27036462373933284 0.3324137931034483 0.01939487975174554 0.08551724137931035
2 0.5496508921644686 0.24689655172413794 0.022498060512024836 0.03862068965517238
2 0.577967416602017 0.23793103448275865 0.02637703646237398 0.03448275862068964
2 0.6528316524437549 0.26 0.025601241272304044 0.031724137931034485
5 0.7742435996896819 0.30896551724137933 0.010861132660977546 0.049655172413793094
5 0.7901474010861133 0.3089655172413794 0.014740108611326548 0.05793103448275861
5 0.44142746314972847 0.25172413793103454 0.009309542280837918 0.040000000000000036
5 0.4356089992242048 0.25655172413793104 0.006982156710628402 0.024827586206896547
5 0.4499612102404965 0.2537931034482759 0.007757951900698145 0.02758620689655171
