1 0.18622696411251213 0.7655172413793103 0.37245392822502427 0.46896551724137936
0 0.041707080504364696 0.5991379310344828 0.06983511154219205 0.13620689655172433
0 0.09796314258001938 0.5629310344827586 0.03491755577109602 0.13275862068965516
0 0.7133850630455868 0.6129310344827587 0.061105722599418044 0.13965517241379316
0 0.6823472356935014 0.5870689655172413 0.0708050436469442 0.10862068965517238
0 0.3239573229873909 0.328448275862069 0.02133850630455871 0.07758620689655171
0 0.35305528612997095 0.325 0.019398642095053376 0.06724137931034477
0 0.40349175557710965 0.3068965517241379 0.017458777885548 0.08275862068965516
0 0.7366634335596507 0.33534482758620693 0.01842870999030069 0.07068965517241381
0 0.7546071774975752 0.33879310344827585 0.019398642095053306 0.07758620689655167
5 0.9238603297769157 0.681896551724138 0.03588748787584862 0.14310344827586213
5 0.9316197866149369 0.5043103448275862 0.030067895247332645 0.10862068965517238
5 0.7890397672162949 0.3258620689655172 0.014548981571290085 0.06206896551724142
5 0.769156159068865 0.27155172413793105 0.013579049466537327 0.046551724137930996
3 0.4612027158098933 0.3008620689655172 0.01842870999030069 0.06034482758620694
2 0.5358874878758485 0.7129310344827586 0.096023278370514 0.1637931034482757
2 0.5363724539282251 0.5482758620689655 0.0717749757516973 0.11034482758620691
2 0.6032977691561591 0.3991379310344827 0.05431619786614924 0.06724137931034484
2 0.612027158098933 0.31982758620689655 0.044616876818622656 0.05000000000000007
2 0.5198836081474296 0.29568965517241375 0.04073714839961205 0.04999999999999996
2 0.5543161978661494 0.24827586206896549 0.024248302618816667 0.03448275862068964
2 0.612027158098933 0.23965517241379308 0.02133850630455875 0.02758620689655171
2 0.6357904946653734 0.2353448275862069 0.01842870999030069 0.022413793103448255
2 0.7080504364694471 0.2439655172413793 0.017458777885548074 0.029310344827586227
2 0.6644034917555771 0.25172413793103443 0.025218234723569422 0.03448275862068964
2 0.6474296799224054 0.2793103448275862 0.032007759456837946 0.04827586206896552
7 0.43210475266731335 0.32931034482758614 0.053346265761396686 0.0793103448275864
6 0.7914645974781765 0.5913793103448275 0.03879728419010675 0.15172413793103445
6 0.7647914645974783 0.45948275862068966 0.02036857419980606 0.10517241379310342
5 0.09602327837051407 0.4508620689655172 0.025218234723569353 0.08448275862068969
