5 0.142692750287687 0.5173824130879345 0.020713463751438413 0.130879345603272
5 0.9223245109321059 0.6830265848670757 0.03337169159953973 0.15132924335378312
0 0.6990794016110472 0.4192229038854806 0.035673187571921686 0.11042944785276071
0 0.7416570771001151 0.6022494887525562 0.042577675489067844 0.12883435582822073
0 0.7871116225546605 0.5930470347648261 0.027617951668584623 0.1267893660531697
0 0.7674751929853793 0.5758865881545857 0.024401474014527337 0.10407303518343185
2 0.7743076057094467 0.5121418541047338 0.13860037240251516 0.10667486106301752
2 0.33601841196777904 0.42535787321063395 0.06674338319907942 0.08588957055214727
2 0.4067894131185271 0.42944785276073616 0.06559263521288834 0.11860940695296528
2 0.4448504691757995 0.3874690692632029 0.05293440736478714 0.0940695296523517
2 0.3532796317606444 0.38854805725971375 0.06444188722669729 0.08588957055214727
2 0.3924050632911393 0.34867075664621683 0.04833141542002302 0.07975460122699381
2 0.42289988492520125 0.3271983640081799 0.04257767548906782 0.07770961145194268
2 0.5978135788262371 0.4274028629856851 0.054085155350978124 0.081799591002045
2 0.6012658227848101 0.3486707566462167 0.0517836593785961 0.0674846625766871
5 0.3670886075949367 0.2822085889570552 0.025316455696202597 0.06543967280163596
2 0.44727949685223445 0.31119320270615036 0.03897453822714212 0.05138659225317145
2 0.4628255205271057 0.2991251393739661 0.03590912510815336 0.0521651769842801
2 0.4921659032374262 0.2874463684073363 0.03415746046873124 0.04437932967319352
2 0.5028948491538866 0.2757675974407064 0.030216215030031465 0.04437932967319348
2 0.5215062859477466 0.2656459959362938 0.0280266342307538 0.03970782128654154
2 0.534205854583557 0.25863873335631593 0.021895807992776496 0.03503631289988966
2 0.5473433393792229 0.25435651733521825 0.023647472632198685 0.03737206709321555
7 0.556539578736189 0.2461813776585774 0.026274969591331826 0.041264990748758876
2 0.6255113739134348 0.30068230883618347 0.03985037054685321 0.050608007522062765
2 0.6590119601423828 0.25863873335631593 0.025399137271620874 0.04126499074875891
5 0.774981930955033 0.2936686116716509 0.010495511269264598 0.04311171651593398
5 0.7804106436805146 0.2682520026809138 0.006876369452276947 0.032172922773084985
5 0.7702770465929487 0.26793027345318293 0.007600197815674506 0.035390215050393505
5 0.7700960895020992 0.2518438120666404 0.007238283633975726 0.035390215050393546
0 0.7433144400563892 0.24798306133387021 0.010133597087565959 0.04182479960501052
2 0.6717006713527423 0.24917667676875166 0.023647472632198543 0.03425772816878094
