2 0.12560620756547045 0.6284482758620692 0.1367604267701261 0.16724137931034505
2 0.5310378273520854 0.6344827586206896 0.09796314258001942 0.14827586206896556
2 0.5741998060135791 0.410344827586207 0.05819592628516006 0.08275862068965516
2 0.6294859359844811 0.29310344827586204 0.03685741998060138 0.04827586206896555
2 0.6585838991270612 0.2586206896551724 0.027158098933074797 0.03448275862068964
2 0.5213385063045587 0.296551724137931 0.04170708050436467 0.044827586206896586
2 0.5169738118331717 0.2646551724137931 0.04073714839961198 0.053448275862069
2 0.5533462657613967 0.24741379310344822 0.02424830261881679 0.03620689655172413
1 0.700290979631426 0.23275862068965517 0.0426770126091175 0.07586206896551723
7 0.6251212415130941 0.2310344827586207 0.022308438409311435 0.03448275862068964
7 0.7774005819592626 0.4974137931034484 0.19301648884578074 0.16724137931034475
0 0.02376333656644035 0.6215517241379309 0.0475266731328807 0.12241379310344833
5 0.8176527643064986 0.5758620689655172 0.02327837051406405 0.12068965517241381
5 0.8399612027158099 0.5732758620689655 0.019398642095053306 0.1396551724137931
5 0.7904946653734238 0.3474137931034483 0.019398642095053445 0.07068965517241377
5 0.33802133850630456 0.2991379310344828 0.01842870999030069 0.0637931034482759
5 0.43307468477206595 0.2560344827586207 0.014548981571290014 0.04655172413793103
5 0.799709020368574 0.4051724137931035 0.01842870999030069 0.06551724137931025
5 0.6450048496605237 0.5525862068965517 0.02327837051406405 0.11206896551724142
