2 0.527643064985451 0.7827586206896552 0.10475266731328808 0.18275862068965523
2 0.545101842870999 0.5603448275862069 0.07371483996120283 0.11724137931034484
2 0.5926285160038798 0.37672413793103443 0.050436469447138775 0.07413793103448278
2 0.6333656644034917 0.3060344827586207 0.03685741998060138 0.03965517241379306
7 0.6488845780795345 0.2620689655172414 0.029097963142579956 0.05172413793103452
2 0.6028128031037828 0.24396551724137933 0.02618816682832204 0.03275862068965516
2 0.5572259941804074 0.2551724137931034 0.030067895247332645 0.03448275862068964
2 0.6241513094083414 0.2336206896551724 0.01260911736178457 0.022413793103448255
2 0.2216294859359845 0.5586206896551724 0.09990300678952475 0.1448275862068966
2 0.05722599418040737 0.6663793103448277 0.11445198836081474 0.1844827586206897
0 0.7924345295829291 0.7577586206896553 0.050436469447138844 0.20862068965517225
0 0.7643064985451019 0.425 0.017458777885548074 0.09482758620689659
0 0.7405431619786613 0.44396551724137917 0.02618816682832169 0.09482758620689648
5 0.8389912706110573 0.5189655172413792 0.02327837051406405 0.09999999999999992
5 0.7764306498545102 0.3456896551724138 0.014548981571290085 0.07068965517241374
5 0.7909796314258003 0.3155172413793103 0.01066925315227948 0.06551724137931028
5 0.7740058195926285 0.27586206896551724 0.011639185257031955 0.055172413793103454
5 0.45392822502424834 0.2456896551724138 0.011639185257032026 0.03620689655172413
7 0.7133850630455868 0.23793103448275865 0.01842870999030069 0.031034482758620675
0 0.7487875848690593 0.3 0.011639185257032097 0.04827586206896548
0 0.7516973811833171 0.2646551724137931 0.011639185257032097 0.039655172413793134
0 0.3860329776915616 0.28965517241379307 0.013579049466537327 0.06551724137931032
0 0.37439379243452964 0.3206896551724138 0.017458777885548 0.06551724137931032
0 0.34772065955383125 0.3112068965517241 0.014548981571290014 0.07068965517241381
0 0.3181377303588749 0.32672413793103444 0.015518913676042629 0.07758620689655167
0 0.27255092143549947 0.35775862068965514 0.017458777885548 0.08448275862068964
6 0.25218234723569355 0.38189655172413794 0.01939864209505334 0.08103448275862064
