4 0.555221637866266 0.8351134846461947 0.058602554470323004 0.1962616822429913
2 0.5484598046581515 0.5927903871829105 0.07813673929376404 0.1228304405874499
2 0.15176558978211865 0.6108144192256337 0.12171299774605564 0.15620827770360468
2 0.30691209616829446 0.5720961281708943 0.0969196093163034 0.14819759679572764
0 0.22163786626596546 0.40654205607476634 0.03005259203606311 0.09479305740987982
5 0.25018782870022543 0.3464619492656875 0.016528925619834708 0.0814419225634179
5 0.893313298271976 0.5133511348464619 0.01803155522163762 0.09746328437917219
5 0.8685199098422237 0.507343124165554 0.021036814425244185 0.09612817089452622
5 0.8399699474079639 0.5060080106809078 0.01953418482344091 0.10146862483311082
5 0.8388429752066117 0.4472630173564752 0.02028549962434269 0.04539385847797057
5 0.8189331329827197 0.47530040053404543 0.021036814425244188 0.10413885180240313
5 0.793764087152517 0.44659546061415223 0.01878287002253941 0.0787716955941255
0 0.7498121712997746 0.47329773030707584 0.018031555221638015 0.08678237650200259
0 0.7592036063110444 0.42389853137516686 0.01878287002253941 0.06008010680907873
0 0.7588279489105935 0.38451268357810414 0.01652892561983478 0.042723631508678216
0 0.7359128474830955 0.3945260347129506 0.012772351615326727 0.07343124165554073
0 0.7235161532682194 0.2803738317757009 0.010518407212622094 0.04539385847797067
2 0.6006761833208111 0.4178905206942589 0.05634861006761796 0.08811748998664883
2 0.6468820435762584 0.3030707610146862 0.034560480841472625 0.05607476635514015
2 0.5616078136739294 0.2636849132176235 0.026296018031555235 0.04405874499332441
2 0.5379413974455296 0.2803738317757009 0.033057851239669415 0.04806408544726299
2 0.5131480090157776 0.29906542056074775 0.04057099924868523 0.061415220293725
2 0.4613072877535687 0.30707610146862485 0.040570999248685166 0.056074766355140186
2 0.4733283245679939 0.35246995994659547 0.04958677685950418 0.07476635514018685
2 0.43764087152516906 0.3898531375166886 0.05184072126220882 0.08544726301735653
2 0.38617580766341075 0.36248331108144183 0.05709992486851964 0.08678237650200259
2 0.3831705484598046 0.45794392523364463 0.06461307287753552 0.1041388518024032
2 0.3144252441773104 0.4372496662216288 0.07287753568745314 0.11081441922563422
5 0.7697220135236665 0.28371161548731644 0.014274981217129864 0.04939919893190918
0 0.42787377911344854 0.28437917222963954 0.01878287002253941 0.053404539385847834
