2 0.1628308400460299 0.7137014314928425 0.15304948216340622 0.19222903885480563
2 0.229958411341336 0.5398689141854951 0.09565377813694706 0.1326931198588756
2 0.5096663695414039 0.9162645058299879 0.13573811707888106 0.16747098834002444
2 0.5557219179340771 0.5165228664747953 0.07058277607507904 0.11611454338647348
2 0.41233804996441664 0.41295156079982354 0.055659560562062255 0.08959455508215555
2 0.4454111221824536 0.3470099682593571 0.04678629728405248 0.07525942626901055
5 0.3365119819523318 0.29612026097269284 0.010486583874011685 0.06379132321849472
5 0.3502252070183472 0.2957618827523642 0.012906564768014377 0.06307456677783745
2 0.6300846213413628 0.300853229339211 0.03333307016532658 0.05531963513029748
7 0.5657350166908696 0.254821774162953 0.035061080564581036 0.056966317752840535
7 0.5489557852778197 0.22878638675247495 0.0435759144159785 0.07788363755271166
2 0.5982271088233128 0.23319642129442084 0.020285339469507377 0.03426880052319312
2 0.6698855040601689 0.2481640761521603 0.02117324995133785 0.03277181632088126
5 0.7715873763885114 0.2932328210142872 0.005442543133010815 0.051952039539949764
5 0.7801399441689568 0.29378550228598876 0.006997555456728151 0.04863595190974017
5 0.7865154946961981 0.292127458470884 0.005442543133010815 0.04863595190974017
0 0.7570618528882477 0.4558502146794206 0.02858095848373537 0.10158222054137511
5 0.808150316177925 0.4418826593549815 0.02215024282489523 0.10158222054137504
