2 0.5264672036823935 0.7638036809815951 0.11392405063291143 0.21063394683026587
2 0.3095512082853855 0.5593047034764826 0.09666283084004597 0.1574642126789366
2 0.22784810126582283 0.543967280163599 0.09205983889528198 0.13905930470347638
2 0.286536248561565 0.4754601226993865 0.08515535097813576 0.10429447852760731
2 0.4079401611047181 0.4233128834355828 0.0632911392405063 0.10224948875255628
2 0.5644418872266974 0.46216768916155415 0.0632911392405063 0.10633946830265849
2 0.4136939010356732 0.3374233128834356 0.04487917146144994 0.0695296523517382
2 0.047180667433832 0.6646216846926325 0.094361334867664 0.1758691362564305
0 0.012658227848101267 0.527607369764207 0.025316455696202535 0.118609422554999
0 0.26869965477560415 0.35889570552147243 0.02646720368239354 0.09202453987730057
5 0.4148446490218642 0.2597137014314928 0.01495972382048329 0.05316973415132928
5 0.42807825086306095 0.2556237218813906 0.01611047180667434 0.05316973415132921
0 0.45512082853855007 0.2607361963190184 0.014959723820483361 0.059304703476482604
4 0.5029063817832712 0.4478722588612915 0.028966437973668775 0.08926875670003852
2 0.4636733581986819 0.3064757610225444 0.041433006215500896 0.06581127318761962
2 0.5041897049846362 0.2755249147214362 0.03446639455094761 0.05473412819564409
7 0.6140055046443045 0.35436812319373295 0.05756621217551896 0.08340438582193382
5 0.8016470707282337 0.39767130655117827 0.022085286101068392 0.07272363516030253
5 0.6352128883774454 0.5664621676891616 0.029919447640966722 0.1308793456032719
