2 0.17894131185270423 0.7116564417177915 0.13924050632911392 0.16768916155419228
3 0.02761795166858458 0.7967280132395115 0.05523590333716916 0.17341513916514897
5 0.7854243582317726 0.32946241645267804 0.01503321464456235 0.06906925700878891
5 0.76525785078175 0.24508063548439346 0.009166594295464705 0.04105059614673305
2 0.7005416950557685 0.24084525651687336 0.01979984367820407 0.03909580585403145
2 0.6334422248129661 0.2278133212321962 0.015399878416380873 0.03388303174016063
2 0.6497587626588935 0.2320487001997163 0.013566559557287831 0.02541227380512044
2 0.7271248185126165 0.23889046622417176 0.013566559557287973 0.020851096455483394
2 0.690275109444848 0.23563248240300247 0.007333275436371878 0.029973451154757386
5 0.5639594400533429 0.2278133212321962 0.004033301490004604 0.02606387056935432
