0 0.22017458777885549 0.6525862068965518 0.025218234723569353 0.15689655172413794
0 0.04461687681862271 0.6008620689655172 0.0717749757516974 0.13275862068965524
0 0.09699321047526674 0.5603448275862069 0.040737148399612025 0.13448275862068967
0 0.8884578079534432 0.846551724137931 0.05431619786614931 0.21379310344827587
0 0.7449078564500485 0.368103448275862 0.019398642095053407 0.08103448275862063
2 0.3457807953443259 0.4163793103448276 0.07080504364694462 0.08793103448275857
2 0.451988360814743 0.3137931034482759 0.042677012609117354 0.06551724137931032
2 0.5746847720659554 0.24137931034482762 0.022308438409311293 0.03793103448275861
2 0.6139670223084384 0.2336206896551724 0.02327837051406405 0.04655172413793103
2 0.7022308438409312 0.24310344827586206 0.013579049466537327 0.01724137931034484
6 0.7749757516973811 0.4663793103448276 0.021338506304558677 0.09827586206896548
6 0.741513094083414 0.29827586206896545 0.014548981571290105 0.06206896551724138
6 0.1716779825412221 0.4491379310344828 0.031037827352085365 0.1293103448275862
5 0.486905916585839 0.5025862068965518 0.0329776915615907 0.10862068965517231
5 0.5630455868089235 0.528448275862069 0.030067895247332645 0.11206896551724142
5 0.6197866149369544 0.5612068965517242 0.025218234723569422 0.13275862068965524
5 0.10475266731328807 0.4344827586206897 0.017458777885548 0.0896551724137931
5 0.4146459747817653 0.2603448275862069 0.01260911736178464 0.04137931034482761
5 0.42531522793404464 0.2620689655172414 0.01260911736178464 0.05172413793103452
5 0.43937924345295826 0.2603448275862069 0.011639185257032026 0.05172413793103452
5 0.8011639185257033 0.3905172413793103 0.017458777885548074 0.08793103448275857
5 0.7759456838021339 0.27241379310344827 0.009699321047526582 0.05862068965517242
5 0.5145489815712899 0.23448275862068965 0.012609117361784782 0.03448275862068968
5 0.17604267701260912 0.5448275862068965 0.02812803103782734 0.11724137931034484
5 0.15227934044616875 0.5508620689655173 0.031037827352085347 0.11896551724137935
5 0.16197866149369544 0.5267241379310345 0.023278370514064017 0.10862068965517245
5 0.11881668283220176 0.5431034482758621 0.02036857419980601 0.11379310344827587
